5.000000 0.000010 1.000000 1000000.000000 0.184842 0.187936 0.169774 0.171957 1.000000e-05 1.000000e-05
5.000000 0.012500 1.000000 1000000.000000 0.185449 0.190821 0.170202 0.174699 7.226000e-03 6.982000e-03
5.000000 0.025000 1.020000 1000000.000000 0.200011 0.216054 0.183751 0.195975 8.836000e-03 8.504000e-03
5.000000 0.050000 1.020000 1000000.000000 0.198323 0.216925 0.182163 0.196701 9.450000e-03 9.110000e-03
10.000000 0.000010 1.040000 1000000.000000 0.310542 0.336829 0.259238 0.273704 1.000000e-05 1.000000e-05
10.000000 0.012500 1.040000 1000000.000000 0.310341 0.342426 0.258010 0.278659 7.947000e-03 7.320000e-03
10.000000 0.025000 1.020000 0.400000 0.314984 0.331442 0.262002 0.272243 9.531000e-03 8.702000e-03
10.000000 0.050000 1.020000 0.400000 0.345344 0.332256 0.287062 0.272888 1.106700e-02 1.016600e-02
10.000000 0.100000 1.080000 1000000.000000 0.367055 0.383308 0.306269 0.306388 1.156000e-02 1.022100e-02
15.000000 0.000010 1.080000 0.400000 0.453018 0.478505 0.339543 0.347627 1.000000e-05 1.000000e-05
15.000000 0.012500 1.080000 0.400000 0.441512 0.483816 0.330851 0.352451 8.253000e-03 7.153000e-03
15.000000 0.025000 1.080000 1000000.000000 0.443401 0.477316 0.332906 0.347630 1.022600e-02 8.605000e-03
15.000000 0.050000 1.080000 0.400000 0.484972 0.485775 0.368446 0.354420 1.279700e-02 1.062800e-02
15.000000 0.100000 1.160000 0.400000 0.603419 0.553825 0.467706 0.390635 1.761900e-02 1.494100e-02
30.000000 0.000010 1.160000 0.400000 0.842656 0.879536 0.487684 0.469015 1.000000e-05 1.000000e-05
30.000000 0.012500 1.160000 0.400000 0.842665 0.886943 0.484256 0.475703 1.113600e-02 7.119000e-03
30.000000 0.025000 1.160000 0.400000 0.857928 0.889289 0.493319 0.478318 1.441200e-02 8.720000e-03
30.000000 0.050000 1.320000 0.400000 0.948290 1.021615 0.561741 0.517613 1.792200e-02 1.137600e-02
30.000000 0.100000 1.640000 0.200000 1.433170 1.286135 0.945477 0.596438 4.403900e-02 3.602200e-02
30.000000 0.200000 1.640000 0.150000 1.949864 1.307425 1.413530 0.611007 8.180800e-02 7.478400e-02
60.000000 0.000010 1.640000 0.400000 1.860048 2.341006 0.719016 0.708948 1.000000e-05 1.000000e-05
60.000000 0.012500 1.320000 0.200000 1.841321 2.053151 0.718952 0.696890 1.987600e-02 8.069000e-03
60.000000 0.025000 1.640000 0.400000 1.872879 2.349823 0.745345 0.717361 2.986400e-02 1.065200e-02
60.000000 0.050000 1.320000 0.250000 2.000403 2.011338 0.874977 0.689656 3.761100e-02 1.623000e-02
60.000000 0.100000 1.640000 0.175000 2.370634 2.342997 1.286171 0.741065 5.947700e-02 4.427900e-02
60.000000 0.200000 1.640000 0.150000 3.004777 2.322551 2.139673 0.747881 1.497350e-01 1.460210e-01
