5.000000 0.000010 1.000000 1000000.000000 0.184842 0.187936 0.169774 0.171957 1.000000e-05 1.000000e-05
5.000000 0.012500 1.000000 0.400000 0.200324 0.200700 0.184876 0.183915 7.483000e-03 6.978000e-03
5.000000 0.025000 1.000000 1000000.000000 0.238890 0.213417 0.222183 0.196238 9.868000e-03 8.505000e-03
5.000000 0.050000 1.020000 1000000.000000 0.269255 0.285324 0.249763 0.261347 1.146100e-02 9.164000e-03
10.000000 0.000010 1.040000 1000000.000000 0.312222 0.337143 0.260610 0.273899 1.000000e-05 1.000000e-05
10.000000 0.012500 1.020000 0.400000 0.332475 0.339301 0.279949 0.279246 8.551000e-03 7.324000e-03
10.000000 0.025000 1.040000 0.400000 0.375607 0.386964 0.321062 0.318111 1.200100e-02 8.803000e-03
10.000000 0.050000 1.000000 0.400000 0.479531 0.404448 0.418909 0.341753 1.601700e-02 1.058200e-02
10.000000 0.100000 1.040000 0.400000 0.588118 0.587039 0.517922 0.495163 1.968700e-02 1.075700e-02
15.000000 0.000010 1.080000 0.400000 0.450886 0.478440 0.338180 0.347525 1.000000e-05 1.000000e-05
15.000000 0.012500 1.080000 0.400000 0.470449 0.495905 0.358650 0.362718 9.288000e-03 7.172000e-03
15.000000 0.025000 1.080000 0.400000 0.516337 0.532806 0.403842 0.394160 1.376000e-02 8.762000e-03
15.000000 0.050000 1.080000 0.250000 0.668936 0.635520 0.546151 0.480055 2.122900e-02 1.151900e-02
15.000000 0.100000 1.080000 0.250000 0.931830 0.805039 0.791812 0.624566 3.027800e-02 1.680600e-02
30.000000 0.000010 1.160000 0.400000 0.841455 0.881412 0.486112 0.469926 1.000000e-05 1.000000e-05
30.000000 0.012500 1.160000 0.400000 0.866948 0.904950 0.516625 0.488577 1.231800e-02 7.150000e-03
30.000000 0.025000 1.160000 0.400000 0.930302 0.958719 0.580239 0.528930 1.876100e-02 8.781000e-03
30.000000 0.050000 1.160000 0.400000 1.151601 1.092943 0.776939 0.626669 2.939700e-02 1.243800e-02
30.000000 0.100000 1.320000 0.175000 1.699703 1.593500 1.290196 0.925581 5.712200e-02 3.993200e-02
30.000000 0.200000 1.320000 0.125000 2.209787 2.117806 1.869993 1.316455 9.410500e-02 7.789300e-02
60.000000 0.000010 1.320000 0.250000 1.844829 2.027657 0.719373 0.682019 1.000000e-05 1.000000e-05
60.000000 0.012500 1.320000 0.250000 1.850399 2.050212 0.745490 0.698163 2.064400e-02 8.153000e-03
60.000000 0.025000 1.320000 0.250000 1.884919 2.113310 0.805334 0.737899 3.249900e-02 1.092900e-02
60.000000 0.050000 1.320000 0.175000 2.002406 2.289710 0.999418 0.859441 4.564000e-02 1.616100e-02
60.000000 0.100000 1.320000 0.150000 2.362464 2.573923 1.487741 1.090424 7.186500e-02 4.464100e-02
60.000000 0.200000 1.320000 0.125000 2.926124 3.023000 2.361986 1.476108 1.501070e-01 1.435950e-01
