5.000000 0.000010 1.000000 1000000.000000 0.184842 0.187936 0.169774 0.171957 1.000000e-05 1.000000e-05
5.000000 0.012500 1.000000 0.400000 0.200874 0.192976 0.185368 0.176513 7.518000e-03 6.974000e-03
5.000000 0.025000 1.000000 0.400000 0.240920 0.192731 0.224135 0.176270 9.988000e-03 8.481000e-03
5.000000 0.050000 1.020000 1000000.000000 0.261759 0.213120 0.243910 0.193040 1.159700e-02 9.116000e-03
10.000000 0.000010 1.040000 1000000.000000 0.309455 0.337209 0.258536 0.273917 1.000000e-05 1.000000e-05
10.000000 0.012500 1.020000 0.400000 0.331465 0.325893 0.278433 0.267197 8.412000e-03 7.324000e-03
10.000000 0.025000 1.020000 0.400000 0.374364 0.325515 0.320085 0.266759 1.195700e-02 8.819000e-03
10.000000 0.050000 1.040000 0.400000 0.534053 0.348866 0.468232 0.282865 1.827600e-02 1.092800e-02
10.000000 0.100000 1.040000 0.250000 0.607681 0.359499 0.533145 0.291263 2.138300e-02 1.127600e-02
15.000000 0.000010 1.080000 0.400000 0.451634 0.479300 0.339478 0.348162 1.000000e-05 1.000000e-05
15.000000 0.012500 1.080000 1000000.000000 0.479918 0.470002 0.366795 0.341187 9.313000e-03 7.174000e-03
15.000000 0.025000 1.080000 1000000.000000 0.529243 0.471360 0.416036 0.341764 1.389800e-02 8.763000e-03
15.000000 0.050000 1.080000 0.250000 0.715723 0.497194 0.587574 0.360196 2.271300e-02 1.210500e-02
15.000000 0.100000 1.080000 0.125000 0.958206 0.540766 0.809266 0.391987 3.382100e-02 1.997000e-02
30.000000 0.000010 1.160000 0.400000 0.839835 0.881337 0.485850 0.470173 1.000000e-05 1.000000e-05
30.000000 0.012500 1.160000 0.400000 0.861805 0.878775 0.514538 0.469214 1.222200e-02 7.095000e-03
30.000000 0.025000 1.160000 0.400000 0.935345 0.883559 0.580611 0.470810 1.903500e-02 8.882000e-03
30.000000 0.050000 1.320000 0.400000 1.174321 1.025356 0.801984 0.510896 3.114200e-02 1.353100e-02
30.000000 0.100000 1.320000 0.125000 1.729851 1.111596 1.297818 0.559383 5.884000e-02 4.557100e-02
30.000000 0.200000 1.640000 0.125000 2.214034 1.344229 1.814997 0.614466 9.963200e-02 9.041500e-02
60.000000 0.000010 1.320000 0.250000 1.840789 2.030615 0.717776 0.682270 1.000000e-05 1.000000e-05
60.000000 0.012500 1.320000 0.250000 1.850004 2.033368 0.743332 0.682392 2.038200e-02 8.142000e-03
60.000000 0.025000 1.320000 0.250000 1.890961 2.030061 0.807452 0.682129 3.238800e-02 1.101200e-02
60.000000 0.050000 1.320000 0.175000 2.022389 2.059433 1.006316 0.696907 4.431700e-02 1.688200e-02
60.000000 0.100000 1.320000 0.150000 2.365885 2.051478 1.479282 0.704334 6.921500e-02 4.942100e-02
60.000000 0.200000 1.640000 0.150000 3.045182 2.343216 2.344804 0.739663 1.570530e-01 1.529630e-01
