5.000000 0.000010 1.000000 1000000.000000 0.184842 0.187936 0.169774 0.171957 1.000000e-05 1.000000e-05
5.000000 0.012500 1.000000 0.400000 0.198564 0.195358 0.183107 0.178856 7.470000e-03 6.976000e-03
5.000000 0.025000 1.020000 1000000.000000 0.223390 0.216286 0.208139 0.196233 9.688000e-03 8.479000e-03
5.000000 0.050000 1.020000 1000000.000000 0.244140 0.218302 0.227055 0.197968 1.093200e-02 9.127000e-03
10.000000 0.000010 1.040000 1000000.000000 0.311070 0.337234 0.259777 0.273990 1.000000e-05 1.000000e-05
10.000000 0.012500 1.040000 1000000.000000 0.326922 0.343866 0.274971 0.279845 8.363000e-03 7.320000e-03
10.000000 0.025000 1.040000 0.400000 0.352141 0.351872 0.300340 0.286619 1.143200e-02 8.786000e-03
10.000000 0.050000 1.040000 0.400000 0.447512 0.354195 0.390896 0.288381 1.601000e-02 1.059200e-02
10.000000 0.100000 1.040000 0.400000 0.510395 0.354962 0.446617 0.288623 1.835100e-02 1.073400e-02
15.000000 0.000010 1.080000 1000000.000000 0.450204 0.469994 0.338252 0.341007 1.000000e-05 1.000000e-05
15.000000 0.012500 1.080000 0.400000 0.469602 0.486434 0.357825 0.354380 9.203000e-03 7.179000e-03
15.000000 0.025000 1.080000 1000000.000000 0.500044 0.481278 0.389640 0.350852 1.308700e-02 8.715000e-03
15.000000 0.050000 1.080000 0.400000 0.615824 0.492495 0.500226 0.359183 1.999700e-02 1.140100e-02
15.000000 0.100000 1.160000 0.250000 0.840511 0.575001 0.709142 0.406330 3.082800e-02 1.786000e-02
30.000000 0.000010 1.160000 0.400000 0.845865 0.880669 0.488640 0.469803 1.000000e-05 1.000000e-05
30.000000 0.012500 1.160000 0.400000 0.876618 0.891886 0.514935 0.479654 1.228400e-02 7.112000e-03
30.000000 0.025000 1.160000 0.400000 0.910154 0.901852 0.560765 0.486211 1.807900e-02 8.779000e-03
30.000000 0.050000 1.320000 0.250000 1.087593 1.062981 0.725327 0.543456 2.882000e-02 1.233600e-02
30.000000 0.100000 1.640000 0.200000 1.644695 1.327412 1.226893 0.619363 5.825400e-02 4.159900e-02
30.000000 0.200000 1.640000 0.150000 2.241356 1.344229 1.791281 0.634022 9.868000e-02 8.522400e-02
60.000000 0.000010 1.640000 0.400000 1.849813 2.347823 0.717978 0.709003 1.000000e-05 1.000000e-05
60.000000 0.012500 1.320000 0.250000 1.869371 2.043573 0.759802 0.693931 2.061700e-02 8.138000e-03
60.000000 0.025000 1.320000 0.200000 1.921748 2.087207 0.827346 0.716936 3.251500e-02 1.096700e-02
60.000000 0.050000 1.320000 0.200000 2.036327 2.090849 0.996485 0.728146 4.304800e-02 1.686700e-02
60.000000 0.100000 1.640000 0.175000 2.412665 2.431260 1.471503 0.784758 6.968400e-02 4.723900e-02
60.000000 0.200000 1.640000 0.150000 3.114803 2.421052 2.371699 0.796740 1.565830e-01 1.516300e-01
