5.000000 0.000010 1.000000 1000000.000000 0.184842 0.187936 0.169774 0.171957 1.000000e-05 -99
5.000000 0.012500 1.000000 0.400000 0.200874 0.192976 0.185368 0.176513 1.194900e-02 -99
5.000000 0.025000 1.020000 1000000.000000 0.220804 0.214087 0.204779 0.193997 1.883400e-02 -99
5.000000 0.050000 1.020000 1000000.000000 0.222860 0.214171 0.206753 0.194103 1.610200e-02 -99
10.000000 0.000010 1.040000 0.400000 0.318210 0.352529 0.265393 0.286514 1.000000e-05 -99
10.000000 0.012500 1.020000 0.400000 0.330929 0.329157 0.278023 0.269895 1.194900e-02 -99
10.000000 0.025000 1.000000 0.400000 0.368306 0.307019 0.313670 0.253940 2.098900e-02 -99
10.000000 0.050000 1.020000 0.400000 0.408282 0.331051 0.355586 0.271313 2.688700e-02 -99
10.000000 0.100000 1.020000 0.400000 0.379315 0.332010 0.329463 0.272516 1.826700e-02 -99
15.000000 0.000010 1.020000 0.400000 0.457046 0.432090 0.342782 0.322284 1.000000e-05 -99
15.000000 0.012500 1.080000 0.400000 0.475188 0.499106 0.362922 0.362748 1.194900e-02 -99
15.000000 0.025000 1.040000 0.400000 0.514472 0.455808 0.403829 0.336976 2.130900e-02 -99
15.000000 0.050000 1.080000 0.400000 0.596331 0.503465 0.484754 0.365249 3.133600e-02 -99
15.000000 0.100000 1.080000 1000000.000000 0.619598 0.502914 0.518971 0.365710 2.854800e-02 -99
30.000000 0.000010 1.080000 0.400000 0.851809 0.844203 0.493745 0.467472 1.000000e-05 -99
30.000000 0.012500 1.080000 0.250000 0.881170 0.865170 0.521479 0.480546 1.194900e-02 -99
30.000000 0.025000 1.080000 0.250000 0.936370 0.867395 0.579126 0.481292 2.243700e-02 -99
30.000000 0.050000 1.080000 0.400000 1.077562 0.854932 0.702635 0.472078 3.454300e-02 -99
30.000000 0.100000 1.080000 0.250000 1.281182 0.917171 0.918287 0.511634 4.834200e-02 -99
30.000000 0.200000 1.160000 1000000.000000 1.603964 1.108855 1.312370 0.612439 6.803700e-02 -99
60.000000 0.000010 1.160000 0.250000 1.873910 1.994706 0.734397 0.719235 1.000000e-05 -99
60.000000 0.012500 1.080000 0.200000 1.850031 1.834564 0.750522 0.681981 1.194900e-02 -99
60.000000 0.025000 1.080000 0.200000 1.908654 1.831294 0.822581 0.682034 2.385200e-02 -99
60.000000 0.050000 1.080000 0.175000 2.013335 1.846873 0.978395 0.690111 4.191500e-02 -99
60.000000 0.100000 1.040000 0.150000 2.233833 1.814003 1.284037 0.705479 6.697400e-02 -99
60.000000 0.200000 1.080000 0.125000 2.634067 2.184984 1.930037 0.969576 1.225330e-01 -99
