correction_method 14   obs_discard_width -1 
CAREFUL: DELTA_T 0.01  MODEL_SIZE 40  FORCING 8  ENSEMBLE SIZE 80 
CAREFUL: num_times 1100  skipping 100  obs_err_var 1.0  
obs_intvl 5   time_err_sd 0.000010 
0  0.000189842 0.038498 0.216476 293.062222 
1.000000 1000000.000000 0.199617 0.193415 0.182146 0.176013 0.000010 0.000010 
0  0.000183114 0.038008 0.333174 1696.198034 
1.000000 1000000.000000 0.212226 0.196049 0.193946 0.177762 0.000010 0.000010 
0  0.000192564 0.038557 0.382482 1976.585284 
1.000000 1000000.000000 0.230140 0.194706 0.209779 0.177035 0.000010 0.000010 
0  0.000194934 0.037939 0.258616 940.260245 
1.000000 1000000.000000 0.204539 0.194901 0.185942 0.177177 0.000010 0.000010 
0  0.000175963 0.037242 0.217285 250.420262 
1.000000 1000000.000000 0.201886 0.199515 0.183913 0.180637 0.000010 0.000010 
0  0.000196006 0.038393 0.236009 830.804865 
1.000000 1000000.000000 0.203786 0.186005 0.187441 0.170104 0.000010 0.000010 
0  0.000190199 0.038240 1.301313 43203.405541 
1.000000 1000000.000000 0.209182 0.191393 0.191854 0.174211 0.000010 0.000010 
0  0.000183887 0.038951 0.525310 10407.637593 
1.000000 1000000.000000 0.207068 0.193676 0.188841 0.176253 0.000010 0.000010 
0  0.000182931 0.038372 0.427766 5708.718761 
1.000000 1000000.000000 0.213568 0.194083 0.194468 0.176417 0.000010 0.000010 
0  0.000190883 0.038246 0.320622 911.459481 
1.000000 1000000.000000 0.201101 0.195275 0.184086 0.177324 0.000010 0.000010 
obs_intvl 5   time_err_sd 0.012500 
0  0.236877 0.043936 0.295937 611.821336 
1.000000 1000000.000000 0.197824 0.196920 0.180463 0.179306 0.007346 0.007153 
0  0.228292 0.043047 0.389582 1374.504576 
1.000000 1000000.000000 0.202936 0.199317 0.184928 0.180846 0.007273 0.007048 
0  0.240511 0.045447 0.948008 23960.592657 
1.000000 1000000.000000 0.211532 0.197432 0.193022 0.179646 0.007475 0.007267 
0  0.243144 0.045506 2.726913 89205.319641 
1.000000 1000000.000000 0.197022 0.197254 0.178539 0.179405 0.007883 0.007559 
0  0.219563 0.042174 0.403306 4563.149059 
1.000000 1000000.000000 0.197196 0.202878 0.179900 0.183819 0.007604 0.007356 
0  0.244682 0.045358 0.340558 1095.222835 
1.000000 1000000.000000 0.205950 0.188759 0.189082 0.172717 0.007710 0.007474 
0  0.23713 0.044465 1.402681 43203.575398 
1.000000 1000000.000000 0.207049 0.194325 0.189556 0.176978 0.007323 0.007089 
0  0.229271 0.044485 0.655074 10407.643749 
1.000000 1000000.000000 0.200535 0.196472 0.182908 0.178908 0.007667 0.007410 
0  0.228255 0.044948 0.537572 5708.719390 
1.000000 1000000.000000 0.222050 0.196860 0.202179 0.179073 0.007692 0.007283 
0  0.238326 0.043982 0.364351 803.992666 
1.000000 1000000.000000 0.199127 0.197937 0.182142 0.179907 0.007234 0.006862 
obs_intvl 5   time_err_sd 0.025000 
0  0.417833 0.068277 0.468206 2084.770966 
1.020000 1000000.000000 0.201919 0.223306 0.183263 0.201421 0.008649 0.008247 
0  0.416274 0.065043 0.529613 2891.457252 
1.020000 1000000.000000 0.208514 0.223329 0.188581 0.201014 0.008648 0.008191 
0  0.414888 0.068863 0.407881 854.258277 
1.020000 1000000.000000 0.201532 0.222542 0.184042 0.200605 0.008811 0.008340 
0  0.425902 0.066510 0.527895 2010.961401 
1.020000 1000000.000000 0.196072 0.222747 0.178746 0.200716 0.009314 0.008766 
0  0.39066 0.059959 0.474797 2049.387868 
1.020000 1000000.000000 0.208661 0.226887 0.189131 0.203794 0.008748 0.008455 
0  0.41737 0.068500 28.608650 1125390.409471 
1.020000 1000000.000000 0.187436 0.215208 0.171595 0.195013 0.008668 0.008426 
0  0.417987 0.067144 0.609331 2967.586335 
1.020000 1000000.000000 0.200467 0.220907 0.183129 0.199417 0.008381 0.007965 
0  0.397861 0.063141 0.452629 1370.166043 
1.020000 1000000.000000 0.193507 0.221352 0.176574 0.199873 0.008608 0.008387 
0  0.414999 0.065610 0.580866 2002.812894 
1.020000 1000000.000000 0.202487 0.221072 0.183669 0.199248 0.008734 0.008480 
0  0.419245 0.062138 0.668482 2015.969791 
1.020000 1000000.000000 0.193639 0.223772 0.175185 0.201683 0.008264 0.008008 
obs_intvl 5   time_err_sd 0.050000 
0  0.524278 0.090736 0.606899 1475.933691 
1.020000 1000000.000000 0.197215 0.222311 0.179411 0.200619 0.008492 0.008376 
0  0.498671 0.083936 0.754387 7921.861005 
1.020000 1000000.000000 0.204797 0.224503 0.185712 0.202004 0.009130 0.008697 
0  0.507563 0.086704 0.949440 8789.012746 
1.020000 1000000.000000 0.197329 0.223859 0.180062 0.201892 0.009142 0.008806 
0  0.501879 0.086042 0.650326 2607.119720 
1.020000 1000000.000000 0.200372 0.223314 0.183170 0.201334 0.008954 0.008489 
0  0.498571 0.085029 0.659928 2839.968412 
1.020000 1000000.000000 0.209258 0.227739 0.189964 0.204558 0.009097 0.008705 
0  0.520098 0.093140 0.850530 9938.514393 
1.020000 1000000.000000 0.198396 0.214717 0.181288 0.194568 0.009099 0.008812 
0  0.499 0.084866 0.547578 2664.476801 
1.020000 1000000.000000 0.189928 0.220878 0.172925 0.199387 0.008869 0.008546 
0  0.510299 0.088066 1.162773 16760.294988 
1.020000 1000000.000000 0.210890 0.222706 0.192561 0.201071 0.009002 0.008655 
0  0.498256 0.085932 0.758361 6793.123192 
1.020000 1000000.000000 0.201392 0.222494 0.183004 0.200559 0.009151 0.008770 
0  0.497264 0.081058 0.720320 2236.206347 
1.020000 1000000.000000 0.208386 0.223255 0.188516 0.201131 0.008667 0.008257 
obs_intvl 10   time_err_sd 0.000010 
0  0.000185138 0.038451 0.279531 1976.585759 
1.040000 1000000.000000 0.326289 0.338402 0.272003 0.274664 0.000010 0.000010 
0  0.000183521 0.037818 0.278681 2854.519474 
1.040000 1000000.000000 0.324159 0.339530 0.269460 0.275534 0.000010 0.000010 
0  0.000190328 0.038454 1.352062 43203.567187 
1.040000 1000000.000000 0.326027 0.333863 0.271090 0.272528 0.000010 0.000010 
0  0.000194514 0.037739 0.282265 1596.405860 
1.040000 1000000.000000 0.317512 0.339503 0.263478 0.275342 0.000010 0.000010 
0  0.000178242 0.038168 0.224211 356.157406 
1.040000 1000000.000000 0.315054 0.338900 0.262536 0.274684 0.000010 0.000010 
0  0.000196354 0.038381 0.308990 2751.961131 
1.040000 1000000.000000 0.334384 0.340049 0.277741 0.276516 0.000010 0.000010 
0  0.000189233 0.038765 0.735007 18920.356138 
1.040000 1000000.000000 0.323344 0.328749 0.270141 0.269426 0.000010 0.000010 
0  0.000184963 0.038467 0.290226 1655.861823 
1.040000 1000000.000000 0.301462 0.328950 0.252918 0.269585 0.000010 0.000010 
0  0.000183722 0.038162 0.488484 9335.388486 
1.040000 1000000.000000 0.330115 0.346826 0.274138 0.279987 0.000010 0.000010 
0  0.000186335 0.038445 0.231500 359.985159 
1.040000 1000000.000000 0.324679 0.335430 0.268898 0.273291 0.000010 0.000010 
obs_intvl 10   time_err_sd 0.012500 
0  0.231142 0.044812 0.339281 1976.585298 
1.040000 1000000.000000 0.320263 0.343592 0.266327 0.279418 0.007704 0.007088 
0  0.228822 0.043207 0.384551 2854.519413 
1.040000 1000000.000000 0.322333 0.343403 0.265515 0.279174 0.008066 0.007436 
0  0.237601 0.044325 1.398954 43203.575067 
1.040000 1000000.000000 0.315657 0.339200 0.261660 0.277142 0.007757 0.007090 
0  0.242565 0.045469 0.376592 1596.405838 
1.040000 1000000.000000 0.312627 0.343874 0.258616 0.279434 0.007664 0.007217 
0  0.2223 0.043503 0.319007 1331.960050 
1.040000 1000000.000000 0.312965 0.342917 0.260087 0.278416 0.007629 0.007068 
0  0.24512 0.045724 0.313410 477.273725 
1.040000 1000000.000000 0.334038 0.345026 0.276756 0.280999 0.008004 0.007336 
0  0.236281 0.044897 0.784317 17596.752332 
1.040000 1000000.000000 0.315855 0.332951 0.262521 0.273250 0.007722 0.007205 
0  0.23066 0.044351 0.354747 1655.861767 
1.040000 1000000.000000 0.303943 0.333676 0.254012 0.273860 0.008128 0.007449 
0  0.229287 0.044718 0.304165 506.296173 
1.040000 1000000.000000 0.324082 0.351504 0.267229 0.283954 0.007914 0.007315 
0  0.232591 0.044625 0.866068 21588.026839 
1.040000 1000000.000000 0.321088 0.340165 0.265897 0.277625 0.007630 0.006893 
obs_intvl 10   time_err_sd 0.025000 
0  0.460318 0.065697 0.971124 12999.068652 
1.020000 0.400000 0.336046 0.332467 0.278623 0.273046 0.009460 0.008490 
0  0.454679 0.065884 0.594152 2854.519413 
1.020000 0.400000 0.329286 0.332790 0.272219 0.273221 0.009865 0.008944 
0  0.47286 0.066510 2.483962 43203.575395 
1.020000 0.400000 0.327181 0.327632 0.271552 0.270226 0.009381 0.008426 
0  0.482024 0.067003 0.831935 9433.561217 
1.020000 0.400000 0.326622 0.333182 0.270388 0.273377 0.009188 0.008480 
0  0.441943 0.062798 0.741495 5851.176554 
1.020000 0.400000 0.312348 0.330955 0.260605 0.271507 0.009310 0.008466 
0  0.48798 0.070805 0.611449 4164.708143 
1.020000 0.400000 0.332395 0.333227 0.276493 0.274027 0.009683 0.008604 
0  0.470278 0.067986 0.683359 3442.637265 
1.020000 0.400000 0.322982 0.322494 0.269388 0.267261 0.009272 0.008526 
0  0.458539 0.064922 0.650598 1700.520732 
1.020000 0.400000 0.310929 0.322563 0.260280 0.267347 0.009747 0.008833 
0  0.456374 0.067758 0.450777 777.714753 
1.020000 0.400000 0.326422 0.339843 0.269315 0.277320 0.009567 0.008643 
0  0.463161 0.065990 0.495732 1138.924340 
1.020000 0.400000 0.333845 0.329273 0.276307 0.271410 0.009236 0.008094 
obs_intvl 10   time_err_sd 0.050000 
0  0.810051 0.128604 1.070527 4790.917214 
1.020000 0.400000 0.358197 0.333825 0.298179 0.274083 0.010883 0.009359 
0  0.821247 0.120019 1.182827 4178.605914 
1.020000 0.400000 0.370869 0.333435 0.309810 0.273830 0.011167 0.009938 
0  0.818659 0.126237 1.499936 21109.168834 
1.020000 0.400000 0.359721 0.327981 0.300875 0.270673 0.011599 0.010104 
0  0.837546 0.122883 0.907485 4100.830451 
1.020000 0.400000 0.365634 0.334219 0.305649 0.274133 0.011236 0.009911 
0  0.783937 0.117802 1.066398 7763.235449 
1.020000 0.400000 0.331085 0.330857 0.276865 0.271659 0.010730 0.009694 
0  0.848107 0.130910 1.047285 3015.501737 
1.020000 0.400000 0.377595 0.334747 0.314998 0.275292 0.011315 0.009920 
0  0.823758 0.127899 2.105935 33524.203342 
1.020000 0.400000 0.340729 0.321855 0.286980 0.266817 0.010310 0.009232 
0  0.782345 0.120076 0.992121 4483.388608 
1.020000 0.400000 0.332712 0.321352 0.278795 0.266788 0.010606 0.009703 
0  0.836622 0.129167 1.135609 9335.389624 
1.020000 0.400000 0.721885 0.341011 0.617497 0.278422 0.017563 0.012043 
0  0.813604 0.117028 1.195913 6648.816473 
1.020000 0.400000 0.346020 0.329442 0.288029 0.271554 0.010661 0.009704 
obs_intvl 10   time_err_sd 0.100000 
0  1.00683 0.175304 1.249349 6012.897300 
1.080000 1000000.000000 0.391955 0.383883 0.327809 0.307153 0.011953 0.010660 
0  0.981158 0.167542 1.915705 22533.616309 
1.080000 1000000.000000 0.382081 0.383661 0.319444 0.306679 0.011855 0.010642 
0  0.990316 0.163636 1.146187 4904.684673 
1.080000 1000000.000000 0.366783 0.379857 0.305711 0.305072 0.011794 0.010445 
0  0.995083 0.171435 1.575264 9232.806310 
1.080000 1000000.000000 0.384744 0.382245 0.320821 0.305971 0.011304 0.010190 
0  1.00824 0.174740 0.944267 1862.025836 
1.080000 1000000.000000 0.400767 0.381412 0.332966 0.304992 0.011509 0.010394 
0  1.03617 0.178675 1.170171 7354.044218 
1.080000 1000000.000000 0.388752 0.384678 0.323799 0.307797 0.011344 0.010369 
0  0.982096 0.164273 2.786064 26243.812163 
1.080000 1000000.000000 0.366937 0.373037 0.309143 0.301189 0.011401 0.010113 
0  0.987786 0.174358 3.035626 66205.127399 
1.080000 1000000.000000 0.370681 0.374012 0.311516 0.301709 0.011101 0.009912 
0  0.993192 0.174351 1.057459 1714.449575 
1.080000 1000000.000000 0.382995 0.390218 0.317811 0.309862 0.011127 0.009757 
0  0.982041 0.152693 0.962080 1897.287092 
1.080000 1000000.000000 0.373971 0.379144 0.313124 0.304246 0.011491 0.010491 
obs_intvl 15   time_err_sd 0.000010 
0  0.000184556 0.037978 0.292277 2854.519222 
1.080000 0.400000 0.428093 0.474045 0.324338 0.345261 0.000010 0.000010 
0  0.000187619 0.038417 0.386529 5708.719366 
1.080000 0.400000 0.449675 0.479811 0.340351 0.348402 0.000010 0.000010 
0  0.000192961 0.038222 0.280902 1408.246691 
1.080000 0.400000 0.445864 0.477593 0.337012 0.346644 0.000010 0.000010 
0  0.000192597 0.038786 0.220480 417.228713 
1.080000 0.400000 0.430832 0.466486 0.327400 0.342450 0.000010 0.000010 
0  0.000179298 0.038289 0.258286 1176.215332 
1.080000 0.400000 0.430650 0.466283 0.327784 0.342512 0.000010 0.000010 
0  0.000193961 0.038276 0.291029 1157.753519 
1.080000 0.400000 0.436723 0.481598 0.329898 0.348328 0.000010 0.000010 
0  0.000190946 0.037895 0.330282 981.217222 
1.080000 0.400000 0.421913 0.472658 0.323429 0.344058 0.000010 0.000010 
0  0.000186091 0.038510 0.235390 472.195564 
1.080000 0.400000 0.418891 0.474342 0.319831 0.345635 0.000010 0.000010 
0  0.000185503 0.038415 0.294797 2343.622241 
1.080000 0.400000 0.429877 0.475864 0.326144 0.346073 0.000010 0.000010 
0  0.000186207 0.037915 0.236245 420.703123 
1.080000 0.400000 0.444567 0.493558 0.331132 0.354231 0.000010 0.000010 
obs_intvl 15   time_err_sd 0.012500 
0  0.230354 0.044299 0.380307 2854.519413 
1.080000 0.400000 0.418501 0.479493 0.315766 0.350005 0.008272 0.007253 
0  0.234034 0.044070 0.488994 5708.719390 
1.080000 0.400000 0.444514 0.485550 0.335740 0.353560 0.008522 0.007123 
0  0.240878 0.044818 0.318954 477.668550 
1.080000 0.400000 0.440726 0.483971 0.332963 0.352215 0.008445 0.007331 
0  0.240351 0.045111 0.498421 5556.273178 
1.080000 0.400000 0.420977 0.472669 0.320714 0.347733 0.008318 0.007368 
0  0.223786 0.043688 0.324655 1723.499501 
1.080000 0.400000 0.425668 0.472517 0.324166 0.347924 0.008154 0.006913 
0  0.242011 0.045100 0.294800 413.279429 
1.080000 0.400000 0.433760 0.489263 0.326122 0.354456 0.008746 0.007273 
0  0.238181 0.044481 0.389640 925.934281 
1.080000 0.400000 0.420135 0.478998 0.319703 0.349695 0.008883 0.007748 
0  0.232077 0.043928 0.323549 679.372486 
1.080000 0.400000 0.416085 0.479596 0.314889 0.350313 0.008431 0.007332 
0  0.231685 0.044433 0.391258 2343.622242 
1.080000 0.400000 0.430571 0.482537 0.325628 0.351855 0.008444 0.007216 
0  0.232414 0.043455 0.347763 1596.397719 
1.080000 0.400000 0.440910 0.500081 0.327070 0.359852 0.008679 0.007272 
obs_intvl 15   time_err_sd 0.025000 
0  0.458473 0.066708 0.573109 2854.519413 
1.080000 1000000.000000 0.425907 0.473191 0.321162 0.345406 0.010174 0.008708 
0  0.465235 0.066527 0.445504 1240.960946 
1.080000 1000000.000000 0.453718 0.478289 0.342441 0.348399 0.010157 0.008459 
0  0.479495 0.066365 0.593002 3508.118238 
1.080000 1000000.000000 0.451330 0.477258 0.339901 0.347290 0.010127 0.008686 
0  0.478408 0.068831 0.654963 4413.108068 
1.080000 1000000.000000 0.437000 0.464959 0.331987 0.342087 0.010192 0.008733 
0  0.445502 0.064392 0.796589 7200.965378 
1.080000 1000000.000000 0.424776 0.465033 0.323794 0.342367 0.010159 0.008319 
0  0.481287 0.070895 0.609270 5579.634741 
1.080000 1000000.000000 0.446412 0.481551 0.336252 0.349013 0.010801 0.008649 
0  0.473476 0.067482 1.214681 23895.722763 
1.080000 1000000.000000 0.430378 0.471766 0.326053 0.344393 0.010705 0.009296 
0  0.461459 0.065523 0.493630 1638.986448 
1.080000 1000000.000000 0.425838 0.473251 0.321941 0.346057 0.010337 0.008698 
0  0.461595 0.067001 0.769786 8857.896331 
1.080000 1000000.000000 0.431579 0.475610 0.326952 0.346702 0.010501 0.008602 
0  0.462765 0.064278 0.587097 2108.048007 
1.080000 1000000.000000 0.445689 0.493370 0.330689 0.354872 0.010640 0.008635 
obs_intvl 15   time_err_sd 0.050000 
0  0.899851 0.131647 1.381771 12414.658379 
1.080000 0.400000 0.501282 0.481909 0.382236 0.352760 0.013263 0.011061 
0  0.927389 0.134723 1.121369 3857.789046 
1.080000 0.400000 0.560582 0.487297 0.421938 0.355318 0.014037 0.011502 
0  0.903688 0.119843 1.121809 6040.482596 
1.080000 0.400000 0.529218 0.486297 0.402539 0.354385 0.012807 0.011212 
0  0.88705 0.120265 0.979203 2886.971443 
1.080000 0.400000 0.484880 0.474111 0.372119 0.349508 0.012696 0.010793 
0  0.882656 0.126554 1.457054 16812.049059 
1.080000 0.400000 0.484617 0.473802 0.372489 0.349345 0.012933 0.011077 
0  0.895169 0.121013 1.079009 2684.061392 
1.080000 0.400000 0.516594 0.490916 0.394122 0.356553 0.013681 0.011262 
0  0.910605 0.133375 1.646531 16251.101039 
1.080000 0.400000 0.478558 0.482042 0.363740 0.352358 0.012516 0.010684 
0  0.847485 0.118916 1.427881 11575.556377 
1.080000 0.400000 0.476700 0.483174 0.363598 0.353171 0.011861 0.010058 
0  0.881774 0.126210 1.353907 8850.282546 
1.080000 0.400000 0.490497 0.484176 0.376894 0.353499 0.012786 0.010605 
0  0.909929 0.121829 1.081155 6445.277014 
1.080000 0.400000 0.504157 0.501680 0.378793 0.361733 0.013528 0.011251 
obs_intvl 15   time_err_sd 0.100000 
0  1.35389 0.225754 6.094302 150154.538737 
1.160000 0.400000 0.641722 0.550414 0.505060 0.389080 0.018678 0.015810 
0  1.35312 0.236728 1.581436 6867.486740 
1.160000 0.400000 0.609395 0.552944 0.472738 0.390229 0.018399 0.015679 
0  1.37674 0.213127 1.581521 3756.007918 
1.160000 0.400000 0.812238 0.553028 0.655841 0.390211 0.021594 0.018109 
0  1.3243 0.218364 2.098334 28594.778835 
1.160000 0.400000 0.604782 0.540619 0.476481 0.385991 0.018201 0.015864 
0  1.29712 0.207845 2.707538 29562.733852 
1.160000 0.400000 0.633173 0.541636 0.493551 0.386035 0.018513 0.016288 
0  1.36431 0.220539 6.921782 219767.382835 
1.160000 0.400000 0.646004 0.555336 0.496172 0.390626 0.019488 0.016679 
0  1.34147 0.214524 5.258075 145894.296619 
1.160000 0.400000 0.629347 0.548069 0.487327 0.387504 0.018614 0.015929 
0  1.35077 0.217215 5.767513 151948.475376 
1.160000 0.400000 0.663360 0.547904 0.516473 0.387688 0.019914 0.016483 
0  1.34237 0.219113 1.135637 1039.062667 
1.160000 0.400000 0.640954 0.550863 0.495000 0.389594 0.018117 0.015454 
0  1.36323 0.213963 2.245886 31366.481682 
1.160000 0.400000 0.700596 0.566383 0.539541 0.395302 0.019367 0.015861 
obs_intvl 30   time_err_sd 0.000010 
0  0.000186586 0.038225 0.237010 415.081693 
1.160000 0.400000 0.808037 0.869751 0.469228 0.468228 0.000010 0.000010 
0  0.000186377 0.038538 0.260335 581.228252 
1.160000 0.400000 0.854009 0.884015 0.486108 0.470829 0.000010 0.000010 
0  0.000193247 0.038292 0.256731 911.654204 
1.160000 0.400000 0.840218 0.878152 0.479835 0.469542 0.000010 0.000010 
0  0.000192501 0.038309 0.342455 2343.622242 
1.160000 0.400000 0.880453 0.900363 0.500859 0.474267 0.000010 0.000010 
0  0.000180803 0.038311 0.268326 2606.065595 
1.160000 0.400000 0.837149 0.881645 0.479479 0.470009 0.000010 0.000010 
0  0.00019507 0.037937 0.306814 2980.851549 
1.160000 0.400000 0.876126 0.895058 0.500810 0.473272 0.000010 0.000010 
0  0.000193024 0.038303 0.230266 234.522430 
1.160000 0.400000 0.851243 0.890678 0.482575 0.472103 0.000010 0.000010 
0  0.000184753 0.038505 0.244677 667.843970 
1.160000 0.400000 0.823825 0.888396 0.473819 0.472078 0.000010 0.000010 
0  0.000184009 0.038644 0.257800 1077.943314 
1.160000 0.400000 0.820762 0.861893 0.475645 0.464472 0.000010 0.000010 
0  0.000186199 0.038179 0.239427 378.969432 
1.160000 0.400000 0.826507 0.886213 0.469708 0.471446 0.000010 0.000010 
obs_intvl 30   time_err_sd 0.012500 
0  0.232721 0.044062 0.284159 347.797323 
1.160000 0.400000 0.800004 0.877258 0.460741 0.473972 0.011669 0.007767 
0  0.232622 0.043691 1.766277 49923.568648 
1.160000 0.400000 0.852048 0.890919 0.481821 0.477336 0.011681 0.007687 
0  0.241091 0.044184 0.322249 911.654124 
1.160000 0.400000 0.830124 0.883617 0.472939 0.475243 0.011601 0.007541 
0  0.23993 0.044255 0.389257 1456.764673 
1.160000 0.400000 0.873900 0.906670 0.492540 0.480738 0.012002 0.007522 
0  0.225708 0.043650 0.401824 2606.066322 
1.160000 0.400000 0.833859 0.887760 0.471738 0.475562 0.011100 0.007353 
0  0.243674 0.045019 0.334198 745.949099 
1.160000 0.400000 0.857865 0.903252 0.489352 0.479937 0.012115 0.007563 
0  0.240894 0.044194 0.447843 2826.987983 
1.160000 0.400000 0.844430 0.900249 0.476343 0.478299 0.011728 0.007233 
0  0.230559 0.044268 0.443618 4242.708260 
1.160000 0.400000 0.811444 0.895378 0.463130 0.477933 0.011038 0.007339 
0  0.22962 0.044569 0.314815 1077.943313 
1.160000 0.400000 0.809575 0.869330 0.467333 0.470821 0.011271 0.007150 
0  0.23252 0.043990 0.790954 18692.798619 
1.160000 0.400000 0.832615 0.895512 0.469998 0.477677 0.011064 0.007356 
obs_intvl 30   time_err_sd 0.025000 
0  0.462831 0.065747 0.597769 3364.607643 
1.160000 0.400000 0.822647 0.877166 0.476385 0.475934 0.015313 0.009443 
0  0.462733 0.064993 1.168243 18458.319106 
1.160000 0.400000 0.907224 0.894423 0.521603 0.479621 0.015570 0.009363 
0  0.479512 0.067555 0.547010 1170.885608 
1.160000 0.400000 0.850328 0.887234 0.486810 0.477132 0.015014 0.009092 
0  0.476772 0.067997 0.684938 3710.812021 
1.160000 0.400000 0.897284 0.907726 0.512518 0.481673 0.015653 0.009175 
0  0.449351 0.061550 0.421890 733.080022 
1.160000 0.400000 0.844486 0.890919 0.480889 0.477980 0.014711 0.008955 
0  0.485376 0.072030 0.710541 6139.282013 
1.160000 0.400000 0.875683 0.902985 0.504939 0.481443 0.015690 0.009193 
0  0.479248 0.069080 0.494098 1377.386202 
1.160000 0.400000 0.858532 0.899927 0.486526 0.480029 0.015376 0.008821 
0  0.458791 0.064223 0.647451 2927.038657 
1.160000 0.400000 0.827760 0.897577 0.473154 0.480136 0.014403 0.008922 
0  0.456884 0.067637 0.488295 1266.297162 
1.160000 0.400000 0.821969 0.870684 0.477461 0.472805 0.014790 0.008575 
0  0.463312 0.067563 0.551405 1383.551417 
1.160000 0.400000 0.873366 0.896861 0.499097 0.479540 0.014944 0.008956 
obs_intvl 30   time_err_sd 0.050000 
0  0.907347 0.123245 1.266219 6879.166413 
1.320000 0.400000 0.954588 1.011473 0.572086 0.515722 0.020496 0.012977 
0  0.905629 0.121896 1.121220 4619.955919 
1.320000 0.400000 1.008690 1.026384 0.588087 0.518698 0.020299 0.012952 
0  0.939214 0.125589 1.798784 16211.288845 
1.320000 0.400000 0.998097 1.023277 0.587173 0.517305 0.020481 0.012722 
0  0.933596 0.129632 1.175446 4829.297249 
1.320000 0.400000 1.024644 1.040527 0.601404 0.521350 0.021308 0.013192 
0  0.882202 0.116884 1.115574 3411.852096 
1.320000 0.400000 0.973925 1.022961 0.569773 0.518329 0.019923 0.011837 
0  0.952355 0.137914 2.638373 45265.085706 
1.320000 0.400000 1.015145 1.034455 0.595488 0.520181 0.021403 0.012508 
0  0.938924 0.128445 1.263935 4998.631588 
1.320000 0.400000 0.998401 1.032170 0.582267 0.519258 0.020878 0.012540 
0  0.899959 0.122120 3.899190 85147.716131 
1.320000 0.400000 0.967630 1.030500 0.564690 0.519954 0.019252 0.012126 
0  0.896407 0.128955 0.993878 4332.354840 
1.320000 0.400000 0.935464 1.007245 0.554620 0.514063 0.019471 0.011570 
0  0.911628 0.126762 1.039631 2185.908116 
1.320000 0.400000 0.995204 1.032360 0.577231 0.519705 0.019895 0.012196 
obs_intvl 30   time_err_sd 0.100000 
0  1.71763 0.264792 2.803290 24838.710151 
1.640000 0.200000 1.481403 1.273418 0.982469 0.594097 0.045751 0.037921 
0  1.70528 0.266101 1.955499 5471.120954 
1.640000 0.200000 1.499712 1.285577 0.984296 0.597088 0.049740 0.041073 
0  1.69889 0.244164 3.091871 41665.788737 
1.640000 0.200000 1.493483 1.292614 0.992663 0.596894 0.047716 0.039762 
0  1.66222 0.236427 2.023815 8752.565785 
1.640000 0.200000 1.507930 1.307315 0.983040 0.599559 0.048393 0.040607 
0  1.66783 0.241624 1.607855 2263.741918 
1.640000 0.200000 1.428044 1.290953 0.946501 0.596572 0.044091 0.036373 
0  1.67835 0.239542 2.173428 13048.457632 
1.640000 0.200000 1.473537 1.297921 0.968596 0.597051 0.045958 0.037870 
0  1.72852 0.260846 2.046252 3733.518465 
1.640000 0.200000 1.506635 1.292322 1.004680 0.596683 0.047095 0.041646 
0  1.61757 0.243208 2.005423 7579.039613 
1.640000 0.200000 1.414487 1.296889 0.916324 0.597637 0.041519 0.033270 
0  1.66515 0.248198 1.718280 7293.548557 
1.640000 0.200000 1.439974 1.275764 0.951172 0.594361 0.047375 0.036284 
0  1.71387 0.248879 2.174752 7698.957757 
1.640000 0.200000 1.534999 1.296602 0.998949 0.597521 0.048743 0.039476 
obs_intvl 30   time_err_sd 0.200000 
0  2.46203 0.440907 2.891166 12232.076319 
1.640000 0.150000 2.073515 1.289306 1.532738 0.608036 0.088496 0.082504 
0  2.47399 0.451252 4.048387 26553.735969 
1.640000 0.150000 2.076142 1.305962 1.532561 0.610882 0.089110 0.084659 
0  2.44428 0.425564 3.219821 11883.793769 
1.640000 0.150000 2.134152 1.301351 1.553279 0.610761 0.087052 0.082967 
0  2.42376 0.423439 2.984901 4100.305669 
1.640000 0.150000 2.091609 1.319056 1.529797 0.612375 0.087512 0.083272 
0  2.3706 0.417151 4.078238 34828.466274 
1.640000 0.150000 2.040966 1.302488 1.499861 0.610607 0.082799 0.079980 
0  2.454 0.434825 3.616703 18206.597579 
1.640000 0.150000 2.083519 1.312022 1.532306 0.610689 0.090240 0.085781 
0  2.43247 0.422839 13.928020 398587.246890 
1.640000 0.150000 2.037806 1.300832 1.492796 0.609573 0.085126 0.081365 
0  2.44471 0.428821 3.518854 21848.300202 
1.640000 0.150000 2.131707 1.319137 1.552394 0.611564 0.091827 0.084901 
0  2.42689 0.434003 2.250306 2969.914020 
1.640000 0.150000 2.017069 1.292517 1.489667 0.608989 0.083043 0.081083 
0  2.41443 0.435487 2.932395 17967.462880 
1.640000 0.150000 2.093124 1.302772 1.518148 0.610723 0.086964 0.082151 
obs_intvl 60   time_err_sd 0.000010 
0  0.000187172 0.038140 0.287800 919.271540 
1.640000 0.400000 1.904168 2.399616 0.727908 0.714066 0.000010 0.000010 
0  0.000186367 0.038443 0.299593 2980.851382 
1.640000 0.400000 1.921163 2.373755 0.731782 0.710625 0.000010 0.000010 
0  0.000195671 0.038069 0.274336 2003.170098 
1.640000 0.400000 1.877857 2.389670 0.725813 0.713873 0.000010 0.000010 
0  0.000195509 0.038691 0.238357 515.645148 
1.640000 0.400000 1.889563 2.360155 0.726323 0.709703 0.000010 0.000010 
0  0.000183516 0.038601 0.325007 3709.099070 
1.640000 0.400000 1.855716 2.354432 0.716126 0.709071 0.000010 0.000010 
0  0.000191032 0.038033 0.236114 565.036555 
1.640000 0.400000 1.875758 2.330508 0.729057 0.708117 0.000010 0.000010 
0  0.000186822 0.038186 0.313197 1069.354886 
1.640000 0.400000 1.870747 2.352875 0.719867 0.709825 0.000010 0.000010 
0  0.000186309 0.038118 0.271960 1104.996768 
1.640000 0.400000 1.901083 2.377481 0.730072 0.712171 0.000010 0.000010 
0  0.00018458 0.037956 0.337431 2977.799370 
1.640000 0.400000 1.876202 2.350692 0.716274 0.710129 0.000010 0.000010 
0  0.000186202 0.038132 0.321465 4129.327375 
1.640000 0.400000 1.908264 2.375732 0.727964 0.711194 0.000010 0.000010 
obs_intvl 60   time_err_sd 0.012500 
0  0.233734 0.043928 0.487985 3550.916508 
1.320000 0.200000 1.897226 2.103197 0.728615 0.701803 0.020371 0.008108 
0  0.232499 0.043753 0.383144 2980.851464 
1.320000 0.200000 1.931732 2.093438 0.740405 0.699758 0.020522 0.008836 
0  0.244202 0.044399 0.539077 6626.741639 
1.320000 0.200000 1.879437 2.097985 0.735242 0.701292 0.020720 0.008835 
0  0.244091 0.045373 0.345582 2016.066268 
1.320000 0.200000 1.874716 2.067712 0.732895 0.697167 0.020847 0.008729 
0  0.228876 0.043969 0.400370 3709.097466 
1.320000 0.200000 1.858117 2.063745 0.724124 0.697295 0.019927 0.008409 
0  0.238434 0.045071 0.506443 3657.712455 
1.320000 0.200000 1.849033 2.046367 0.724319 0.695921 0.020068 0.008906 
0  0.233182 0.044001 0.392960 1863.532215 
1.320000 0.200000 1.880105 2.068650 0.729505 0.698639 0.019357 0.008474 
0  0.232664 0.044366 1.058594 30295.179628 
1.320000 0.200000 1.896966 2.085720 0.734363 0.700116 0.020809 0.008560 
0  0.230509 0.044142 0.724952 9730.417693 
1.320000 0.200000 1.873564 2.059017 0.723590 0.697140 0.020083 0.008480 
0  0.232534 0.044208 0.399913 4129.328365 
1.320000 0.200000 1.901626 2.084931 0.728623 0.699420 0.020308 0.008629 
obs_intvl 60   time_err_sd 0.025000 
0  0.465547 0.066043 0.504654 632.068573 
1.640000 0.400000 1.936938 2.405315 0.765537 0.722588 0.029773 0.010969 
0  0.462322 0.066276 0.602782 2980.851464 
1.640000 0.400000 1.956499 2.391467 0.768608 0.720894 0.030529 0.012251 
0  0.485772 0.067542 0.588906 1744.769007 
1.640000 0.400000 1.918692 2.395880 0.772691 0.722239 0.030062 0.011665 
0  0.485932 0.067769 0.637671 2382.018754 
1.640000 0.400000 1.913936 2.363513 0.765252 0.718028 0.030128 0.011600 
0  0.454714 0.063626 0.759434 12710.349330 
1.640000 0.400000 1.905730 2.363106 0.749427 0.717898 0.029924 0.011651 
0  0.474691 0.069724 0.531335 1557.231889 
1.640000 0.400000 1.884527 2.344343 0.761310 0.717703 0.029998 0.011784 
0  0.464358 0.068394 0.775984 5019.233859 
1.640000 0.400000 1.921014 2.364385 0.767188 0.719446 0.029210 0.011512 
0  0.463443 0.067203 0.845287 15119.575914 
1.640000 0.400000 1.926075 2.377601 0.766823 0.720173 0.030547 0.011611 
0  0.459478 0.068535 0.809572 6461.633687 
1.640000 0.400000 1.886488 2.352563 0.746288 0.718447 0.029918 0.011525 
0  0.463399 0.066489 0.648092 4129.328365 
1.640000 0.400000 1.917122 2.375622 0.751790 0.720014 0.029486 0.011379 
obs_intvl 60   time_err_sd 0.050000 
0  0.914301 0.123831 1.040227 3588.857004 
1.320000 0.250000 2.104135 2.059348 0.919919 0.695368 0.039348 0.017591 
0  0.905163 0.126726 1.061108 1736.930351 
1.320000 0.250000 2.083960 2.059425 0.913148 0.693728 0.038632 0.017946 
0  0.950541 0.128797 0.894224 1139.126240 
1.320000 0.250000 2.035998 2.056143 0.914297 0.694903 0.037193 0.018624 
0  0.952838 0.130853 1.226352 6693.766221 
1.320000 0.250000 2.076338 2.018753 0.927934 0.689392 0.038810 0.017934 
0  0.888004 0.117717 1.232020 6427.259644 
1.320000 0.250000 2.021146 2.033508 0.882942 0.691402 0.037200 0.017922 
0  0.932637 0.132974 1.888968 25952.283612 
1.320000 0.250000 2.012020 2.021920 0.904049 0.690128 0.039505 0.018162 
0  0.912733 0.129788 1.060945 3891.848015 
1.320000 0.250000 2.045794 2.032684 0.916375 0.691566 0.036614 0.018362 
0  0.910398 0.127575 1.525222 10690.799732 
1.320000 0.250000 2.088562 2.045594 0.925603 0.693152 0.038162 0.017998 
0  0.904887 0.127887 1.345319 17807.041283 
1.320000 0.250000 2.025576 2.016004 0.890499 0.690007 0.038309 0.017900 
0  0.912437 0.123858 1.261452 8426.363864 
1.320000 0.250000 2.065162 2.039146 0.902666 0.692162 0.037735 0.017949 
obs_intvl 60   time_err_sd 0.100000 
0  1.70657 0.237149 2.225867 12587.155271 
1.640000 0.175000 2.417324 2.387447 1.329079 0.744120 0.062760 0.048362 
0  1.68858 0.248307 2.664834 20662.519596 
1.640000 0.175000 2.439082 2.401889 1.318703 0.745192 0.066067 0.047821 
0  1.76138 0.249349 1.442950 1653.124280 
1.640000 0.175000 2.428429 2.365058 1.358526 0.743216 0.065851 0.051097 
0  1.77493 0.256652 2.085983 12042.953185 
1.640000 0.175000 2.459545 2.346929 1.375216 0.740540 0.067331 0.052577 
0  1.64907 0.231758 1.923321 6450.587405 
1.640000 0.175000 2.381134 2.365658 1.285721 0.742260 0.063813 0.048981 
0  1.74757 0.266004 1.897686 5801.650868 
1.640000 0.175000 2.385833 2.338657 1.353267 0.740131 0.067855 0.054349 
0  1.70871 0.253951 1.672184 3215.145222 
1.640000 0.175000 2.455875 2.367078 1.349776 0.742835 0.065670 0.052207 
0  1.70337 0.250793 2.089047 6503.759803 
1.640000 0.175000 2.429759 2.385387 1.340674 0.744665 0.063521 0.050173 
0  1.70348 0.253920 2.721032 29943.487840 
1.640000 0.175000 2.385529 2.355364 1.303196 0.741574 0.062902 0.045642 
0  1.71613 0.246349 6.508211 144585.533211 
1.640000 0.175000 2.472648 2.371682 1.352634 0.742325 0.063550 0.048654 
obs_intvl 60   time_err_sd 0.200000 
0  2.84937 0.511405 4.068590 12294.100236 
1.640000 0.150000 3.059785 2.374730 2.178476 0.752077 0.157054 0.152728 
0  2.87063 0.517123 4.384074 11263.665548 
1.640000 0.150000 3.067009 2.357909 2.188476 0.750210 0.160388 0.155091 
0  2.82223 0.487539 5.628254 43816.940227 
1.640000 0.150000 3.056254 2.365959 2.148693 0.750961 0.156883 0.154671 
0  2.79743 0.478150 6.819956 110665.089220 
1.640000 0.150000 3.042202 2.338447 2.129204 0.748852 0.154690 0.148220 
0  2.7726 0.473916 3.654205 11425.966199 
1.640000 0.150000 3.005054 2.358073 2.110450 0.749304 0.152290 0.147268 
0  2.78227 0.480948 7.741482 152478.881450 
1.640000 0.150000 2.996243 2.332942 2.113650 0.747150 0.153057 0.151572 
0  2.87787 0.511174 3.978550 21383.799238 
1.640000 0.150000 3.049670 2.348501 2.188089 0.749746 0.158167 0.156889 
0  2.67371 0.465375 4.771067 63024.075818 
1.640000 0.150000 2.961186 2.376660 2.047831 0.751510 0.145793 0.137545 
0  2.78114 0.484452 3.690523 9564.071404 
1.640000 0.150000 2.978881 2.326775 2.124372 0.747842 0.154823 0.148076 
0  2.85768 0.490758 3.804133 16571.162247 
1.640000 0.150000 3.067679 2.355290 2.170030 0.750146 0.157002 0.155755 
