correction_method 13   obs_discard_width -1 
CAREFUL: DELTA_T 0.01  MODEL_SIZE 40  FORCING 8  ENSEMBLE SIZE 80 
CAREFUL: num_times 1100  skipping 100  obs_err_var 1.0  
obs_intvl 5   time_err_sd 0.000010 
0  0.000189842 0.038498 0.216476 293.062222 
1.000000 1000000.000000 0.199617 0.193415 0.182146 0.176013 0.000010 0.000010 
0  0.000183114 0.038008 0.333174 1696.198034 
1.000000 1000000.000000 0.212226 0.196049 0.193946 0.177762 0.000010 0.000010 
0  0.000192564 0.038557 0.382482 1976.585284 
1.000000 1000000.000000 0.230140 0.194706 0.209778 0.177035 0.000010 0.000010 
0  0.000194934 0.037939 0.258616 940.260245 
1.000000 1000000.000000 0.204540 0.194901 0.185942 0.177177 0.000010 0.000010 
0  0.000175963 0.037242 0.217285 250.420262 
1.000000 1000000.000000 0.201885 0.199515 0.183912 0.180637 0.000010 0.000010 
0  0.000196006 0.038393 0.236009 830.804865 
1.000000 1000000.000000 0.203786 0.186005 0.187441 0.170104 0.000010 0.000010 
0  0.000190199 0.038240 1.301313 43203.405541 
1.000000 1000000.000000 0.209182 0.191393 0.191854 0.174211 0.000010 0.000010 
0  0.000183887 0.038951 0.525310 10407.637593 
1.000000 1000000.000000 0.207068 0.193676 0.188841 0.176253 0.000010 0.000010 
0  0.000182931 0.038372 0.427766 5708.718761 
1.000000 1000000.000000 0.213568 0.194083 0.194468 0.176417 0.000010 0.000010 
0  0.000190883 0.038246 0.320622 911.459481 
1.000000 1000000.000000 0.201101 0.195274 0.184086 0.177324 0.000010 0.000010 
obs_intvl 5   time_err_sd 0.012500 
0  0.236877 0.043936 0.295937 611.821336 
1.000000 0.400000 0.206055 0.206921 0.189084 0.188652 0.007458 0.007162 
0  0.228292 0.043047 0.389582 1374.504576 
1.000000 0.400000 0.228051 0.209940 0.209591 0.190667 0.007660 0.007054 
0  0.240511 0.045447 0.948008 23960.592657 
1.000000 0.400000 0.240144 0.208064 0.219723 0.189503 0.007854 0.007260 
0  0.243144 0.045506 2.726913 89205.319641 
1.000000 0.400000 0.221768 0.208082 0.203109 0.189508 0.008181 0.007561 
0  0.219563 0.042174 0.403306 4563.149059 
1.000000 0.400000 0.210581 0.212614 0.193408 0.192753 0.007769 0.007363 
0  0.244682 0.045358 0.340558 1095.222835 
1.000000 0.400000 0.212671 0.199276 0.196180 0.182528 0.007873 0.007482 
0  0.23713 0.044465 1.402681 43203.575398 
1.000000 0.400000 0.223286 0.205027 0.205673 0.186895 0.007565 0.007103 
0  0.229271 0.044485 0.655074 10407.643749 
1.000000 0.400000 0.210820 0.206229 0.193351 0.188054 0.007876 0.007408 
0  0.228255 0.044948 0.537572 5708.719390 
1.000000 0.400000 0.218514 0.206591 0.199879 0.188149 0.007822 0.007292 
0  0.238326 0.043982 0.364351 803.992666 
1.000000 0.400000 0.218643 0.209477 0.200874 0.190613 0.007630 0.006870 
obs_intvl 5   time_err_sd 0.025000 
0  0.417833 0.068277 0.468206 2084.770966 
1.000000 1000000.000000 0.236571 0.221174 0.218041 0.202267 0.009442 0.008248 
0  0.416274 0.065043 0.529613 2891.457252 
1.000000 1000000.000000 0.261981 0.220076 0.241167 0.200739 0.009973 0.008243 
0  0.414888 0.068863 0.407881 854.258277 
1.000000 1000000.000000 0.266463 0.221392 0.246645 0.202183 0.010270 0.008370 
0  0.425902 0.066510 0.527895 2010.961401 
1.000000 1000000.000000 0.265884 0.221276 0.244648 0.202085 0.010412 0.008763 
0  0.39066 0.059959 0.474797 2049.387868 
1.000000 1000000.000000 0.254413 0.223249 0.233941 0.203147 0.009427 0.008464 
0  0.41737 0.068500 28.608650 1125390.409471 
1.000000 1000000.000000 0.233764 0.211451 0.217075 0.194113 0.009591 0.008449 
0  0.417987 0.067144 0.609331 2967.586335 
1.000000 1000000.000000 0.257593 0.219004 0.238724 0.200134 0.009544 0.008004 
0  0.397861 0.063141 0.452629 1370.166043 
1.000000 1000000.000000 0.266309 0.218837 0.246273 0.200220 0.010382 0.008407 
0  0.414999 0.065610 0.580866 2002.812894 
1.000000 1000000.000000 0.262397 0.218115 0.242960 0.199228 0.010266 0.008522 
0  0.419245 0.062138 0.668482 2015.969791 
1.000000 1000000.000000 0.249543 0.221552 0.229695 0.202376 0.009694 0.008026 
obs_intvl 5   time_err_sd 0.050000 
0  0.524278 0.090736 0.606899 1475.933691 
1.020000 1000000.000000 0.255332 0.293231 0.236625 0.267340 0.009798 0.008441 
0  0.498671 0.083936 0.754387 7921.861005 
1.020000 1000000.000000 0.264693 0.292341 0.244508 0.265960 0.010779 0.008716 
0  0.507563 0.086704 0.949440 8789.012746 
1.020000 1000000.000000 0.260822 0.293021 0.243071 0.266943 0.011576 0.008786 
0  0.501879 0.086042 0.650326 2607.119720 
1.020000 1000000.000000 0.261021 0.291313 0.241932 0.265405 0.010513 0.008499 
0  0.498571 0.085029 0.659928 2839.968412 
1.020000 1000000.000000 0.266116 0.293130 0.245650 0.265874 0.010903 0.008723 
0  0.520098 0.093140 0.850530 9938.514393 
1.020000 1000000.000000 0.258530 0.283712 0.241139 0.259707 0.011152 0.008859 
0  0.499 0.084866 0.547578 2664.476801 
1.020000 1000000.000000 0.260236 0.289755 0.242341 0.264100 0.010604 0.008587 
0  0.510299 0.088066 1.162773 16760.294988 
1.020000 1000000.000000 0.278253 0.292181 0.259393 0.266269 0.010820 0.008691 
0  0.498256 0.085932 0.758361 6793.123192 
1.020000 1000000.000000 0.267365 0.289199 0.247296 0.263314 0.010524 0.008778 
0  0.497264 0.081058 0.720320 2236.206347 
1.020000 1000000.000000 0.274750 0.294472 0.253474 0.268198 0.010440 0.008330 
obs_intvl 10   time_err_sd 0.000010 
0  0.000185138 0.038451 0.279531 1976.585759 
1.040000 1000000.000000 0.329954 0.339292 0.274769 0.275503 0.000010 0.000010 
0  0.000183521 0.037818 0.278681 2854.519474 
1.040000 1000000.000000 0.321777 0.339417 0.267177 0.275394 0.000010 0.000010 
0  0.000190328 0.038454 1.352062 43203.567187 
1.040000 1000000.000000 0.325475 0.334377 0.271076 0.272849 0.000010 0.000010 
0  0.000194514 0.037739 0.282265 1596.405860 
1.040000 1000000.000000 0.318494 0.339385 0.264127 0.275294 0.000010 0.000010 
0  0.000178242 0.038168 0.224211 356.157406 
1.040000 1000000.000000 0.315394 0.338673 0.263352 0.274536 0.000010 0.000010 
0  0.000196354 0.038381 0.308990 2751.961131 
1.040000 1000000.000000 0.331843 0.340320 0.275604 0.276710 0.000010 0.000010 
0  0.000189233 0.038765 0.735007 18920.356138 
1.040000 1000000.000000 0.322288 0.328131 0.269128 0.268936 0.000010 0.000010 
0  0.000184963 0.038467 0.290226 1655.861823 
1.040000 1000000.000000 0.307229 0.329332 0.258046 0.269859 0.000010 0.000010 
0  0.000183722 0.038162 0.488484 9335.388486 
1.040000 1000000.000000 0.327980 0.346765 0.272696 0.280010 0.000010 0.000010 
0  0.000186335 0.038445 0.231500 359.985159 
1.040000 1000000.000000 0.327095 0.334977 0.270784 0.272972 0.000010 0.000010 
obs_intvl 10   time_err_sd 0.012500 
0  0.231142 0.044812 0.339281 1976.585298 
1.020000 0.400000 0.348284 0.340448 0.293171 0.280187 0.008218 0.007098 
0  0.228822 0.043207 0.384551 2854.519413 
1.020000 0.400000 0.349248 0.339384 0.292828 0.279105 0.008737 0.007448 
0  0.237601 0.044325 1.398954 43203.575067 
1.020000 0.400000 0.343721 0.334754 0.288837 0.276594 0.008602 0.007088 
0  0.242565 0.045469 0.376592 1596.405838 
1.020000 0.400000 0.343002 0.340026 0.288424 0.279476 0.008388 0.007233 
0  0.2223 0.043503 0.319007 1331.960050 
1.020000 0.400000 0.336735 0.339681 0.284334 0.279009 0.008235 0.007082 
0  0.24512 0.045724 0.313410 477.273725 
1.020000 0.400000 0.362324 0.342556 0.304049 0.282124 0.008793 0.007333 
0  0.236281 0.044897 0.784317 17596.752332 
1.020000 0.400000 0.350017 0.329680 0.294932 0.273645 0.008485 0.007225 
0  0.23066 0.044351 0.354747 1655.861767 
1.020000 0.400000 0.326852 0.330218 0.277067 0.274245 0.008841 0.007461 
0  0.229287 0.044718 0.304165 506.296173 
1.020000 0.400000 0.363407 0.347856 0.303112 0.284476 0.008545 0.007325 
0  0.232591 0.044625 0.866068 21588.026839 
1.020000 0.400000 0.353307 0.337005 0.296159 0.278242 0.008334 0.006912 
obs_intvl 10   time_err_sd 0.025000 
0  0.460318 0.065697 0.971124 12999.068652 
1.040000 0.400000 0.397359 0.388516 0.337959 0.319370 0.011596 0.008538 
0  0.454679 0.065884 0.594152 2854.519413 
1.040000 0.400000 0.394336 0.387422 0.336270 0.318116 0.012316 0.008969 
0  0.47286 0.066510 2.483962 43203.575395 
1.040000 0.400000 0.391880 0.383647 0.336451 0.316301 0.012722 0.008447 
0  0.482024 0.067003 0.831935 9433.561217 
1.040000 0.400000 0.389351 0.388893 0.333576 0.319193 0.011922 0.008568 
0  0.441943 0.062798 0.741495 5851.176554 
1.040000 0.400000 0.382561 0.387133 0.327244 0.317685 0.011488 0.008528 
0  0.48798 0.070805 0.611449 4164.708143 
1.040000 0.400000 0.398890 0.391247 0.342415 0.321697 0.012521 0.008624 
0  0.470278 0.067986 0.683359 3442.637265 
1.040000 0.400000 0.385231 0.377229 0.330904 0.312491 0.011764 0.008607 
0  0.458539 0.064922 0.650598 1700.520732 
1.040000 0.400000 0.373098 0.378328 0.321367 0.313513 0.012094 0.008899 
0  0.456374 0.067758 0.450777 777.714753 
1.040000 0.400000 0.391614 0.395220 0.333221 0.322798 0.011962 0.008681 
0  0.463161 0.065990 0.495732 1138.924340 
1.040000 0.400000 0.391841 0.384091 0.334013 0.316630 0.011895 0.008189 
obs_intvl 10   time_err_sd 0.050000 
0  0.810051 0.128604 1.070527 4790.917214 
1.000000 0.400000 0.545520 0.406424 0.471068 0.343012 0.016427 0.009778 
0  0.821247 0.120019 1.182827 4178.605914 
1.000000 0.400000 0.520987 0.403609 0.452318 0.340858 0.015508 0.010225 
0  0.818659 0.126237 1.499936 21109.168834 
1.000000 0.400000 0.510433 0.401030 0.444925 0.340046 0.016858 0.010326 
0  0.837546 0.122883 0.907485 4100.830451 
1.000000 0.400000 0.520102 0.407659 0.451135 0.344433 0.016769 0.010257 
0  0.783937 0.117802 1.066398 7763.235449 
1.000000 0.400000 0.514971 0.402371 0.447369 0.340255 0.015702 0.009798 
0  0.848107 0.130910 1.047285 3015.501737 
1.000000 0.400000 0.519515 0.410161 0.452343 0.347220 0.015273 0.010249 
0  0.823758 0.127899 2.105935 33524.203342 
1.000000 0.400000 0.508865 0.394342 0.448883 0.335843 0.015811 0.009597 
0  0.782345 0.120076 0.992121 4483.388608 
1.000000 0.400000 0.513188 0.394854 0.448328 0.336726 0.015518 0.010186 
0  0.836622 0.129167 1.135609 9335.389624 
1.000000 0.400000 1.226182 0.409082 1.127964 0.344671 0.025008 0.016511 
0  0.813604 0.117028 1.195913 6648.816473 
1.000000 0.400000 0.561413 0.402799 0.490638 0.341500 0.016866 0.010075 
obs_intvl 10   time_err_sd 0.100000 
0  1.00683 0.175304 1.249349 6012.897300 
1.040000 0.400000 0.584074 0.580792 0.514809 0.490494 0.018362 0.011402 
0  0.981158 0.167542 1.915705 22533.616309 
1.040000 0.400000 0.601705 0.581290 0.530654 0.490511 0.019364 0.011177 
0  0.990316 0.163636 1.146187 4904.684673 
1.040000 0.400000 0.589907 0.581173 0.522126 0.492030 0.019670 0.010790 
0  0.995083 0.171435 1.575264 9232.806310 
1.040000 0.400000 0.581759 0.580635 0.513508 0.491212 0.018591 0.010857 
0  1.00824 0.174740 0.944267 1862.025836 
1.040000 0.400000 0.600275 0.580632 0.526917 0.490723 0.017763 0.010661 
0  1.03617 0.178675 1.170171 7354.044218 
1.040000 0.400000 0.601421 0.593407 0.528158 0.501535 0.018082 0.010749 
0  0.982096 0.164273 2.786064 26243.812163 
1.040000 0.400000 0.577943 0.571406 0.512803 0.485739 0.018264 0.010544 
0  0.987786 0.174358 3.035626 66205.127399 
1.040000 0.400000 0.560644 0.570492 0.496815 0.485465 0.017629 0.010109 
0  0.993192 0.174351 1.057459 1714.449575 
1.040000 0.400000 0.603109 0.593337 0.531378 0.498347 0.018839 0.010206 
0  0.982041 0.152693 0.962080 1897.287092 
1.040000 0.400000 0.570576 0.585111 0.506232 0.495374 0.017752 0.010926 
obs_intvl 15   time_err_sd 0.000010 
0  0.000184556 0.037978 0.292277 2854.519222 
1.080000 0.400000 0.433770 0.474080 0.327769 0.345202 0.000010 0.000010 
0  0.000187619 0.038417 0.386529 5708.719366 
1.080000 0.400000 0.446994 0.480163 0.338871 0.348838 0.000010 0.000010 
0  0.000192961 0.038222 0.280902 1408.246691 
1.080000 0.400000 0.442615 0.478322 0.335175 0.347272 0.000010 0.000010 
0  0.000192597 0.038786 0.220480 417.228713 
1.080000 0.400000 0.432919 0.466739 0.329039 0.342565 0.000010 0.000010 
0  0.000179298 0.038289 0.258286 1176.215332 
1.080000 0.400000 0.432674 0.466398 0.329909 0.342760 0.000010 0.000010 
0  0.000193961 0.038276 0.291029 1157.753519 
1.080000 0.400000 0.441461 0.481660 0.333260 0.348347 0.000010 0.000010 
0  0.000190946 0.037895 0.330282 981.217222 
1.080000 0.400000 0.419330 0.473147 0.321448 0.344471 0.000010 0.000010 
0  0.000186091 0.038510 0.235390 472.195564 
1.080000 0.400000 0.417766 0.474439 0.319124 0.345594 0.000010 0.000010 
0  0.000185503 0.038415 0.294797 2343.622241 
1.080000 0.400000 0.427006 0.476359 0.324383 0.346501 0.000010 0.000010 
0  0.000186207 0.037915 0.236245 420.703123 
1.080000 0.400000 0.440395 0.493047 0.329135 0.354092 0.000010 0.000010 
obs_intvl 15   time_err_sd 0.012500 
0  0.230354 0.044299 0.380307 2854.519413 
1.080000 0.400000 0.451448 0.491898 0.347531 0.360352 0.009177 0.007274 
0  0.234034 0.044070 0.488994 5708.719390 
1.080000 0.400000 0.472458 0.496692 0.364065 0.363286 0.009734 0.007130 
0  0.240878 0.044818 0.318954 477.668550 
1.080000 0.400000 0.468638 0.495831 0.361324 0.362140 0.009535 0.007342 
0  0.240351 0.045111 0.498421 5556.273178 
1.080000 0.400000 0.451694 0.483834 0.350773 0.357305 0.009394 0.007388 
0  0.223786 0.043688 0.324655 1723.499501 
1.080000 0.400000 0.450279 0.483605 0.350995 0.357362 0.009018 0.006923 
0  0.242011 0.045100 0.294800 413.279429 
1.080000 0.400000 0.476819 0.500835 0.366463 0.364517 0.010080 0.007300 
0  0.238181 0.044481 0.389640 925.934281 
1.080000 0.400000 0.448039 0.491279 0.347127 0.359778 0.009844 0.007764 
0  0.232077 0.043928 0.323549 679.372486 
1.080000 0.400000 0.442696 0.491905 0.342300 0.360760 0.009354 0.007362 
0  0.231685 0.044433 0.391258 2343.622242 
1.080000 0.400000 0.454476 0.494688 0.351482 0.361810 0.009501 0.007226 
0  0.232414 0.043455 0.347763 1596.397719 
1.080000 0.400000 0.465920 0.510612 0.351838 0.369028 0.009588 0.007284 
obs_intvl 15   time_err_sd 0.025000 
0  0.458473 0.066708 0.573109 2854.519413 
1.080000 0.400000 0.505408 0.529648 0.396956 0.392116 0.013445 0.008782 
0  0.465235 0.066527 0.445504 1240.960946 
1.080000 0.400000 0.531566 0.534608 0.420567 0.395128 0.014711 0.008562 
0  0.479495 0.066365 0.593002 3508.118238 
1.080000 0.400000 0.524067 0.534066 0.417696 0.394765 0.014425 0.008816 
0  0.478408 0.068831 0.654963 4413.108068 
1.080000 0.400000 0.510865 0.521399 0.406511 0.389029 0.014067 0.008849 
0  0.445502 0.064392 0.796589 7200.965378 
1.080000 0.400000 0.499674 0.521654 0.400129 0.389644 0.013414 0.008383 
0  0.481287 0.070895 0.609270 5579.634741 
1.080000 0.400000 0.533643 0.539548 0.423208 0.396969 0.014919 0.008795 
0  0.473476 0.067482 1.214681 23895.722763 
1.080000 0.400000 0.501462 0.528484 0.397265 0.391486 0.014430 0.009376 
0  0.461459 0.065523 0.493630 1638.986448 
1.080000 0.400000 0.496818 0.529856 0.393700 0.392745 0.013815 0.008879 
0  0.461595 0.067001 0.769786 8857.896331 
1.080000 0.400000 0.507160 0.532520 0.402688 0.393978 0.014049 0.008683 
0  0.462765 0.064278 0.587097 2108.048007 
1.080000 0.400000 0.519520 0.548283 0.402357 0.400578 0.014253 0.008722 
obs_intvl 15   time_err_sd 0.050000 
0  0.899851 0.131647 1.381771 12414.658379 
1.080000 0.250000 0.672501 0.630082 0.550450 0.476370 0.021100 0.011773 
0  0.927389 0.134723 1.121369 3857.789046 
1.080000 0.250000 0.721082 0.639660 0.586078 0.482909 0.022491 0.012099 
0  0.903688 0.119843 1.121809 6040.482596 
1.080000 0.250000 0.706377 0.637022 0.579314 0.481548 0.021057 0.011924 
0  0.88705 0.120265 0.979203 2886.971443 
1.080000 0.250000 0.668772 0.623430 0.553310 0.475003 0.021109 0.011308 
0  0.882656 0.126554 1.457054 16812.049059 
1.080000 0.250000 0.667926 0.622414 0.553569 0.474295 0.020944 0.011643 
0  0.895169 0.121013 1.079009 2684.061392 
1.080000 0.250000 0.691100 0.643447 0.562853 0.484355 0.021038 0.011977 
0  0.910605 0.133375 1.646531 16251.101039 
1.080000 0.250000 0.686112 0.632972 0.561463 0.479750 0.020958 0.011563 
0  0.847485 0.118916 1.427881 11575.556377 
1.080000 0.250000 0.650380 0.633833 0.534015 0.479161 0.020782 0.010657 
0  0.881774 0.126210 1.353907 8850.282546 
1.080000 0.250000 0.672544 0.633691 0.553315 0.479270 0.022096 0.011135 
0  0.909929 0.121829 1.081155 6445.277014 
1.080000 0.250000 0.685714 0.653357 0.554212 0.487769 0.021694 0.012039 
obs_intvl 15   time_err_sd 0.100000 
0  1.35389 0.225754 6.094302 150154.538737 
1.080000 0.250000 1.040368 0.798412 0.889767 0.619370 0.030722 0.019421 
0  1.35312 0.236728 1.581436 6867.486740 
1.080000 0.250000 0.963116 0.805959 0.821083 0.625364 0.030317 0.018440 
0  1.37674 0.213127 1.581521 3756.007918 
1.080000 0.250000 0.974973 0.809202 0.824306 0.627568 0.029855 0.018509 
0  1.3243 0.218364 2.098334 28594.778835 
1.080000 0.250000 0.942804 0.792419 0.802656 0.618660 0.030572 0.018415 
0  1.29712 0.207845 2.707538 29562.733852 
1.080000 0.250000 0.982439 0.788896 0.840507 0.616641 0.029787 0.018723 
0  1.36431 0.220539 6.921782 219767.382835 
1.080000 0.250000 0.986345 0.814534 0.837614 0.628691 0.033139 0.019361 
0  1.34147 0.214524 5.258075 145894.296619 
1.080000 0.250000 0.955909 0.800368 0.810516 0.622945 0.028929 0.018385 
0  1.35077 0.217215 5.767513 151948.475376 
1.080000 0.250000 0.992868 0.803706 0.839932 0.623215 0.030814 0.019162 
0  1.34237 0.219113 1.135637 1039.062667 
1.080000 0.250000 0.999278 0.804619 0.846642 0.625072 0.029976 0.017915 
0  1.36323 0.213963 2.245886 31366.481682 
1.080000 0.250000 1.007972 0.824664 0.852414 0.632522 0.032608 0.018372 
obs_intvl 30   time_err_sd 0.000010 
0  0.000186586 0.038225 0.237010 415.081693 
1.160000 0.400000 0.808951 0.870305 0.469053 0.468242 0.000010 0.000010 
0  0.000186377 0.038538 0.260335 581.228252 
1.160000 0.400000 0.851861 0.885077 0.485066 0.471125 0.000010 0.000010 
0  0.000193247 0.038292 0.256731 911.654204 
1.160000 0.400000 0.852232 0.874581 0.493619 0.468414 0.000010 0.000010 
0  0.000192501 0.038309 0.342455 2343.622242 
1.160000 0.400000 0.884204 0.902375 0.502961 0.474495 0.000010 0.000010 
0  0.000180803 0.038311 0.268326 2606.065595 
1.160000 0.400000 0.834356 0.879280 0.478371 0.469089 0.000010 0.000010 
0  0.00019507 0.037937 0.306814 2980.851549 
1.160000 0.400000 0.868310 0.893817 0.498130 0.473292 0.000010 0.000010 
0  0.000193024 0.038303 0.230266 234.522430 
1.160000 0.400000 0.844999 0.891100 0.480737 0.471957 0.000010 0.000010 
0  0.000184753 0.038505 0.244677 667.843970 
1.160000 0.400000 0.823694 0.887944 0.473830 0.471868 0.000010 0.000010 
0  0.000184009 0.038644 0.257800 1077.943314 
1.160000 0.400000 0.821280 0.861279 0.476093 0.464616 0.000010 0.000010 
0  0.000186199 0.038179 0.239427 378.969432 
1.160000 0.400000 0.828033 0.887177 0.470205 0.471316 0.000010 0.000010 
obs_intvl 30   time_err_sd 0.012500 
0  0.232721 0.044062 0.284159 347.797323 
1.160000 0.400000 0.831259 0.895194 0.496026 0.487074 0.012525 0.007784 
0  0.232622 0.043691 1.766277 49923.568648 
1.160000 0.400000 0.867682 0.909732 0.508179 0.490187 0.012813 0.007706 
0  0.241091 0.044184 0.322249 911.654124 
1.160000 0.400000 0.854166 0.902678 0.503616 0.487900 0.012879 0.007572 
0  0.23993 0.044255 0.389257 1456.764673 
1.160000 0.400000 0.905306 0.926039 0.528854 0.493298 0.013214 0.007519 
0  0.225708 0.043650 0.401824 2606.066322 
1.160000 0.400000 0.867205 0.905011 0.509277 0.488457 0.012480 0.007420 
0  0.243674 0.045019 0.334198 745.949099 
1.160000 0.400000 0.897547 0.919346 0.528744 0.491600 0.013151 0.007611 
0  0.240894 0.044194 0.447843 2826.987983 
1.160000 0.400000 0.869227 0.916616 0.510151 0.491670 0.012848 0.007281 
0  0.230559 0.044268 0.443618 4242.708260 
1.160000 0.400000 0.846717 0.913664 0.499084 0.490927 0.012303 0.007394 
0  0.22962 0.044569 0.314815 1077.943313 
1.160000 0.400000 0.841281 0.886661 0.504252 0.483340 0.012259 0.007151 
0  0.23252 0.043990 0.790954 18692.798619 
1.160000 0.400000 0.860959 0.912796 0.504833 0.490468 0.012108 0.007327 
obs_intvl 30   time_err_sd 0.025000 
0  0.462831 0.065747 0.597769 3364.607643 
1.160000 0.400000 0.900927 0.949096 0.562851 0.527713 0.018843 0.009593 
0  0.462733 0.064993 1.168243 18458.319106 
1.160000 0.400000 0.942713 0.966202 0.582039 0.531767 0.019499 0.009478 
0  0.479512 0.067555 0.547010 1170.885608 
1.160000 0.400000 0.925753 0.960779 0.581287 0.529751 0.019832 0.009190 
0  0.476772 0.067997 0.684938 3710.812021 
1.160000 0.400000 0.977014 0.983619 0.599175 0.535271 0.020291 0.009265 
0  0.449351 0.061550 0.421890 733.080022 
1.160000 0.400000 0.943089 0.963231 0.575615 0.529722 0.019479 0.009202 
0  0.485376 0.072030 0.710541 6139.282013 
1.160000 0.400000 0.972989 0.975326 0.604757 0.532090 0.020217 0.009427 
0  0.479248 0.069080 0.494098 1377.386202 
1.160000 0.400000 0.941691 0.973756 0.580045 0.533397 0.020168 0.008929 
0  0.458791 0.064223 0.647451 2927.038657 
1.160000 0.400000 0.916493 0.971205 0.567634 0.533527 0.019198 0.009029 
0  0.456884 0.067637 0.488295 1266.297162 
1.160000 0.400000 0.912157 0.946114 0.572578 0.525899 0.018673 0.008735 
0  0.463312 0.067563 0.551405 1383.551417 
1.160000 0.400000 0.927947 0.969540 0.571990 0.531461 0.019004 0.009043 
obs_intvl 30   time_err_sd 0.050000 
0  0.907347 0.123245 1.266219 6879.166413 
1.160000 0.400000 1.135451 1.081580 0.776212 0.625764 0.028243 0.014494 
0  0.905629 0.121896 1.121220 4619.955919 
1.160000 0.400000 1.172843 1.100302 0.786961 0.630465 0.030172 0.013693 
0  0.939214 0.125589 1.798784 16211.288845 
1.160000 0.400000 1.169332 1.097847 0.798409 0.627840 0.030440 0.013627 
0  0.933596 0.129632 1.175446 4829.297249 
1.160000 0.400000 1.257901 1.119360 0.842326 0.633114 0.031266 0.014718 
0  0.882202 0.116884 1.115574 3411.852096 
1.160000 0.400000 1.144773 1.095663 0.764404 0.626745 0.029782 0.013894 
0  0.952355 0.137914 2.638373 45265.085706 
1.160000 0.400000 1.214171 1.108096 0.831161 0.628966 0.031592 0.014724 
0  0.938924 0.128445 1.263935 4998.631588 
1.160000 0.400000 1.178322 1.107456 0.791872 0.632379 0.031138 0.013560 
0  0.899959 0.122120 3.899190 85147.716131 
1.160000 0.400000 1.159039 1.104962 0.786918 0.632522 0.029647 0.013985 
0  0.896407 0.128955 0.993878 4332.354840 
1.160000 0.400000 1.123685 1.082944 0.766134 0.624193 0.028854 0.013049 
0  0.911628 0.126762 1.039631 2185.908116 
1.160000 0.400000 1.182977 1.105049 0.789111 0.629302 0.030264 0.013673 
obs_intvl 30   time_err_sd 0.100000 
0  1.71763 0.264792 2.803290 24838.710151 
1.320000 0.175000 1.717487 1.579471 1.319964 0.923334 0.059956 0.043561 
0  1.70528 0.266101 1.955499 5471.120954 
1.320000 0.175000 1.709658 1.600439 1.321808 0.928058 0.062327 0.044290 
0  1.69889 0.244164 3.091871 41665.788737 
1.320000 0.175000 1.710732 1.603697 1.305377 0.924790 0.059451 0.044358 
0  1.66222 0.236427 2.023815 8752.565785 
1.320000 0.175000 1.720390 1.609380 1.289579 0.926379 0.058981 0.043708 
0  1.66783 0.241624 1.607855 2263.741918 
1.320000 0.175000 1.659830 1.599894 1.278163 0.924146 0.057163 0.040278 
0  1.67835 0.239542 2.173428 13048.457632 
1.320000 0.175000 1.670137 1.595872 1.269552 0.919545 0.056909 0.042391 
0  1.72852 0.260846 2.046252 3733.518465 
1.320000 0.175000 1.738509 1.598459 1.328690 0.923872 0.059107 0.044833 
0  1.61757 0.243208 2.005423 7579.039613 
1.320000 0.175000 1.671401 1.604416 1.270745 0.926491 0.057204 0.038670 
0  1.66515 0.248198 1.718280 7293.548557 
1.320000 0.175000 1.673914 1.589807 1.287567 0.925918 0.058130 0.041043 
0  1.71387 0.248879 2.174752 7698.957757 
1.320000 0.175000 1.724217 1.605678 1.302737 0.921655 0.061602 0.044478 
obs_intvl 30   time_err_sd 0.200000 
0  2.46203 0.440907 2.891166 12232.076319 
1.320000 0.125000 2.354852 2.091308 2.004671 1.311047 0.098132 0.088539 
0  2.47399 0.451252 4.048387 26553.735969 
1.320000 0.125000 2.334235 2.117490 1.998074 1.318989 0.099573 0.088766 
0  2.44428 0.425564 3.219821 11883.793769 
1.320000 0.125000 2.322938 2.119566 1.966956 1.320156 0.098599 0.085953 
0  2.42376 0.423439 2.984901 4100.305669 
1.320000 0.125000 2.294823 2.122683 1.948272 1.308714 0.093717 0.085366 
0  2.3706 0.417151 4.078238 34828.466274 
1.320000 0.125000 2.251406 2.119528 1.902260 1.324499 0.091002 0.081041 
0  2.454 0.434825 3.616703 18206.597579 
1.320000 0.125000 2.338067 2.118665 1.990784 1.313829 0.100398 0.088010 
0  2.43247 0.422839 13.928020 398587.246890 
1.320000 0.125000 2.283447 2.121356 1.923846 1.317708 0.092549 0.084031 
0  2.44471 0.428821 3.518854 21848.300202 
1.320000 0.125000 2.338418 2.127631 1.980638 1.313661 0.101071 0.086990 
0  2.42689 0.434003 2.250306 2969.914020 
1.320000 0.125000 2.243228 2.127518 1.918415 1.327649 0.094668 0.088527 
0  2.41443 0.435487 2.932395 17967.462880 
1.320000 0.125000 2.317787 2.116623 1.957130 1.318002 0.097376 0.084357 
obs_intvl 60   time_err_sd 0.000010 
0  0.000187172 0.038140 0.287800 919.271540 
1.320000 0.250000 1.887671 2.079139 0.720943 0.688231 0.000010 0.000010 
0  0.000186367 0.038443 0.299593 2980.851382 
1.320000 0.250000 1.922652 2.061566 0.736690 0.685368 0.000010 0.000010 
0  0.000195671 0.038069 0.274336 2003.170098 
1.320000 0.250000 1.861642 2.071877 0.724687 0.687504 0.000010 0.000010 
0  0.000195509 0.038691 0.238357 515.645148 
1.320000 0.250000 1.846366 2.045825 0.710321 0.682476 0.000010 0.000010 
0  0.000183516 0.038601 0.325007 3709.099070 
1.320000 0.250000 1.857884 2.040387 0.715002 0.682551 0.000010 0.000010 
0  0.000191032 0.038033 0.236114 565.036555 
1.320000 0.250000 1.853571 2.021029 0.727582 0.681346 0.000010 0.000010 
0  0.000186822 0.038186 0.313197 1069.354886 
1.320000 0.250000 1.867246 2.042666 0.723000 0.683872 0.000010 0.000010 
0  0.000186309 0.038118 0.271960 1104.996768 
1.320000 0.250000 1.884247 2.056682 0.729425 0.685727 0.000010 0.000010 
0  0.00018458 0.037956 0.337431 2977.799370 
1.320000 0.250000 1.861061 2.033507 0.716381 0.682799 0.000010 0.000010 
0  0.000186202 0.038132 0.321465 4129.327375 
1.320000 0.250000 1.886018 2.056329 0.720149 0.684862 0.000010 0.000010 
obs_intvl 60   time_err_sd 0.012500 
0  0.233734 0.043928 0.487985 3550.916508 
1.320000 0.250000 1.914837 2.101785 0.749063 0.703917 0.021193 0.008051 
0  0.232499 0.043753 0.383144 2980.851464 
1.320000 0.250000 1.931315 2.088026 0.758475 0.701439 0.021285 0.008806 
0  0.244202 0.044399 0.539077 6626.741639 
1.320000 0.250000 1.887290 2.096376 0.756518 0.702517 0.021413 0.008756 
0  0.244091 0.045373 0.345582 2016.066268 
1.320000 0.250000 1.882535 2.064307 0.749596 0.698592 0.021067 0.008753 
0  0.228876 0.043969 0.400370 3709.097466 
1.320000 0.250000 1.855312 2.062540 0.735253 0.698277 0.020486 0.008319 
0  0.238434 0.045071 0.506443 3657.712455 
1.320000 0.250000 1.853101 2.048298 0.742048 0.697657 0.020944 0.008874 
0  0.233182 0.044001 0.392960 1863.532215 
1.320000 0.250000 1.898313 2.065063 0.757509 0.699676 0.020268 0.008534 
0  0.232664 0.044366 1.058594 30295.179628 
1.320000 0.250000 1.893585 2.085107 0.748053 0.701345 0.021321 0.008482 
0  0.230509 0.044142 0.724952 9730.417693 
1.320000 0.250000 1.848979 2.061441 0.733858 0.698534 0.020650 0.008479 
0  0.232534 0.044208 0.399913 4129.328365 
1.320000 0.250000 1.899496 2.077048 0.743490 0.699663 0.020240 0.008640 
obs_intvl 60   time_err_sd 0.025000 
0  0.465547 0.066043 0.504654 632.068573 
1.320000 0.250000 1.947926 2.159067 0.819063 0.742170 0.032552 0.010872 
0  0.462322 0.066276 0.602782 2980.851464 
1.320000 0.250000 1.951174 2.143614 0.821419 0.740262 0.032319 0.012089 
0  0.485772 0.067542 0.588906 1744.769007 
1.320000 0.250000 1.915433 2.154083 0.820285 0.743189 0.033990 0.011777 
0  0.485932 0.067769 0.637671 2382.018754 
1.320000 0.250000 1.923586 2.123544 0.826371 0.737534 0.033712 0.011762 
0  0.454714 0.063626 0.759434 12710.349330 
1.320000 0.250000 1.903000 2.126492 0.803383 0.738203 0.032152 0.011750 
0  0.474691 0.069724 0.531335 1557.231889 
1.320000 0.250000 1.910073 2.104420 0.817558 0.736406 0.032420 0.011832 
0  0.464358 0.068394 0.775984 5019.233859 
1.320000 0.250000 1.939391 2.125284 0.823696 0.738780 0.031957 0.011506 
0  0.463443 0.067203 0.845287 15119.575914 
1.320000 0.250000 1.940994 2.138778 0.819953 0.741011 0.034292 0.011703 
0  0.459478 0.068535 0.809572 6461.633687 
1.320000 0.250000 1.896016 2.116201 0.805891 0.738103 0.032594 0.011545 
0  0.463399 0.066489 0.648092 4129.328365 
1.320000 0.250000 1.940586 2.133601 0.817574 0.739246 0.032876 0.011762 
obs_intvl 60   time_err_sd 0.050000 
0  0.914301 0.123831 1.040227 3588.857004 
1.320000 0.175000 2.064942 2.335239 1.021911 0.860946 0.045306 0.017604 
0  0.905163 0.126726 1.061108 1736.930351 
1.320000 0.175000 2.066300 2.327112 1.018703 0.859930 0.047426 0.017677 
0  0.950541 0.128797 0.894224 1139.126240 
1.320000 0.175000 2.072751 2.325929 1.045866 0.863256 0.049147 0.018433 
0  0.952838 0.130853 1.226352 6693.766221 
1.320000 0.175000 2.079176 2.296809 1.042709 0.857288 0.048757 0.018417 
0  0.888004 0.117717 1.232020 6427.259644 
1.320000 0.175000 2.042454 2.292594 1.003260 0.858239 0.045630 0.018991 
0  0.932637 0.132974 1.888968 25952.283612 
1.320000 0.175000 2.041000 2.285024 1.037370 0.856364 0.046985 0.018920 
0  0.912733 0.129788 1.060945 3891.848015 
1.320000 0.175000 2.066497 2.298172 1.036241 0.858513 0.047077 0.018284 
0  0.910398 0.127575 1.525222 10690.799732 
1.320000 0.175000 2.067884 2.311822 1.029350 0.860319 0.046648 0.018133 
0  0.904887 0.127887 1.345319 17807.041283 
1.320000 0.175000 2.032510 2.297110 1.009653 0.858425 0.046346 0.017633 
0  0.912437 0.123858 1.261452 8426.363864 
1.320000 0.175000 2.076507 2.308586 1.022938 0.859547 0.046817 0.017878 
obs_intvl 60   time_err_sd 0.100000 
0  1.70657 0.237149 2.225867 12587.155271 
1.320000 0.150000 2.419143 2.615581 1.511740 1.089639 0.073327 0.051589 
0  1.68858 0.248307 2.664834 20662.519596 
1.320000 0.150000 2.412159 2.610733 1.507605 1.093220 0.075978 0.044460 
0  1.76138 0.249349 1.442950 1653.124280 
1.320000 0.150000 2.424425 2.612439 1.555810 1.096933 0.080207 0.050895 
0  1.77493 0.256652 2.085983 12042.953185 
1.320000 0.150000 2.429614 2.585209 1.569609 1.087419 0.076980 0.052829 
0  1.64907 0.231758 1.923321 6450.587405 
1.320000 0.150000 2.353143 2.589579 1.464208 1.088239 0.073669 0.048206 
0  1.74757 0.266004 1.897686 5801.650868 
1.320000 0.150000 2.396204 2.573431 1.549587 1.084539 0.078268 0.053006 
0  1.70871 0.253951 1.672184 3215.145222 
1.320000 0.150000 2.406182 2.591405 1.523075 1.089172 0.076072 0.051464 
0  1.70337 0.250793 2.089047 6503.759803 
1.320000 0.150000 2.393885 2.598520 1.524297 1.087502 0.076035 0.049184 
0  1.70348 0.253920 2.721032 29943.487840 
1.320000 0.150000 2.375202 2.585939 1.513705 1.090048 0.074657 0.046925 
0  1.71613 0.246349 6.508211 144585.533211 
1.320000 0.150000 2.437600 2.595881 1.535978 1.089212 0.075555 0.048184 
obs_intvl 60   time_err_sd 0.200000 
0  2.84937 0.511405 4.068590 12294.100236 
1.320000 0.125000 2.983288 3.050161 2.393273 1.475446 0.160810 0.150649 
0  2.87063 0.517123 4.384074 11263.665548 
1.320000 0.125000 2.992276 3.036617 2.431743 1.476840 0.158807 0.151531 
0  2.82223 0.487539 5.628254 43816.940227 
1.320000 0.125000 2.960008 3.046880 2.385669 1.479168 0.161612 0.152401 
0  2.79743 0.478150 6.819956 110665.089220 
1.320000 0.125000 2.944235 3.035782 2.355525 1.478348 0.154089 0.141359 
0  2.7726 0.473916 3.654205 11425.966199 
1.320000 0.125000 2.927379 3.037506 2.335898 1.474888 0.154094 0.147026 
0  2.78227 0.480948 7.741482 152478.881450 
1.320000 0.125000 2.901139 3.010006 2.316826 1.475365 0.153892 0.146557 
0  2.87787 0.511174 3.978550 21383.799238 
1.320000 0.125000 2.974359 3.025339 2.423302 1.474448 0.155092 0.153089 
0  2.67371 0.465375 4.771067 63024.075818 
1.320000 0.125000 2.902746 3.036996 2.283264 1.471738 0.148660 0.134169 
0  2.78114 0.484452 3.690523 9564.071404 
1.320000 0.125000 2.930664 3.021108 2.355575 1.475147 0.158878 0.144843 
0  2.85768 0.490758 3.804133 16571.162247 
1.320000 0.125000 2.996306 3.031398 2.401541 1.476133 0.161315 0.151761 
