correction_method 29   obs_discard_width -1 
CAREFUL: DELTA_T 0.01  MODEL_SIZE 40  FORCING 8  ENSEMBLE SIZE 80 
CAREFUL: num_times 1100  skipping 100  obs_err_var 1.0  
obs_intvl 5   time_err_sd 0.000010 
0  0.000189842 0.038498 0.216476 293.062222 
1.000000 1000000.000000 0.199617 0.193415 0.182146 0.176013 0.000010 
0  0.000183114 0.038008 0.333174 1696.198034 
1.000000 1000000.000000 0.212226 0.196049 0.193946 0.177762 0.000010 
0  0.000192564 0.038557 0.382482 1976.585284 
1.000000 1000000.000000 0.230140 0.194706 0.209778 0.177035 0.000010 
0  0.000194934 0.037939 0.258616 940.260245 
1.000000 1000000.000000 0.204539 0.194901 0.185942 0.177177 0.000010 
0  0.000175963 0.037242 0.217285 250.420262 
1.000000 1000000.000000 0.201886 0.199515 0.183912 0.180637 0.000010 
0  0.000196006 0.038393 0.236009 830.804865 
1.000000 1000000.000000 0.203786 0.186005 0.187441 0.170104 0.000010 
0  0.000190199 0.038240 1.301313 43203.405541 
1.000000 1000000.000000 0.209182 0.191393 0.191854 0.174211 0.000010 
0  0.000183887 0.038951 0.525310 10407.637593 
1.000000 1000000.000000 0.207068 0.193676 0.188841 0.176253 0.000010 
0  0.000182931 0.038372 0.427766 5708.718761 
1.000000 1000000.000000 0.213568 0.194083 0.194468 0.176417 0.000010 
0  0.000190883 0.038246 0.320622 911.459481 
1.000000 1000000.000000 0.201101 0.195274 0.184086 0.177324 0.000010 
obs_intvl 5   time_err_sd 0.012500 
0  0.236877 0.043936 0.295937 611.821336 
1.000000 0.400000 0.208208 0.198442 0.191352 0.180478 0.012421 
0  0.228292 0.043047 0.389582 1374.504576 
1.000000 0.400000 0.222227 0.200772 0.204447 0.182002 0.012346 
0  0.240511 0.045447 0.948008 23960.592657 
1.000000 0.400000 0.239088 0.199481 0.218864 0.181372 0.012737 
0  0.243144 0.045506 2.726913 89205.319641 
1.000000 0.400000 0.222453 0.199305 0.203411 0.181134 0.012989 
0  0.219563 0.042174 0.403306 4563.149059 
1.000000 0.400000 0.211827 0.204280 0.194486 0.184931 0.012029 
0  0.244682 0.045358 0.340558 1095.222835 
1.000000 0.400000 0.208924 0.190962 0.193079 0.174575 0.012938 
0  0.23713 0.044465 1.402681 43203.575398 
1.000000 0.400000 0.222203 0.196526 0.204703 0.178828 0.012626 
0  0.229271 0.044485 0.655074 10407.643749 
1.000000 0.400000 0.212133 0.198100 0.194195 0.180275 0.012348 
0  0.228255 0.044948 0.537572 5708.719390 
1.000000 0.400000 0.220459 0.198581 0.201576 0.180432 0.012297 
0  0.238326 0.043982 0.364351 803.992666 
1.000000 0.400000 0.219459 0.200962 0.201725 0.182492 0.012459 
obs_intvl 5   time_err_sd 0.025000 
51  0.416954 0.064640 0.793395 6470.838894 
1.020000 1000000.000000 0.229197 0.221154 0.211408 0.199315 0.018891 
49  0.399573 0.065745 0.660377 3628.161505 
1.020000 1000000.000000 0.241444 0.223142 0.223207 0.200555 0.019102 
59  0.418009 0.066899 0.530953 1958.528925 
1.020000 1000000.000000 0.251862 0.221358 0.232198 0.199396 0.019525 
58  0.420588 0.069236 0.490059 1104.659906 
1.020000 1000000.000000 0.235789 0.221160 0.217912 0.199177 0.019938 
46  0.384168 0.061705 0.452278 1190.404955 
1.020000 1000000.000000 0.234200 0.226162 0.216175 0.202877 0.018888 
56  0.429804 0.070039 0.702231 3661.840262 
1.020000 1000000.000000 0.231484 0.212797 0.215279 0.192707 0.019733 
55  0.414706 0.067424 1.555533 43203.575254 
1.020000 1000000.000000 0.240511 0.218825 0.222519 0.197337 0.019040 
48  0.410144 0.064589 0.687047 10407.643749 
1.020000 1000000.000000 0.241167 0.219785 0.222529 0.198183 0.019238 
44  0.414611 0.068583 1.200618 8164.900740 
1.020000 1000000.000000 0.241435 0.220111 0.222373 0.198227 0.019427 
43  0.431103 0.065957 0.488791 1324.210513 
1.020000 1000000.000000 0.244183 0.221705 0.226724 0.199482 0.019323 
obs_intvl 5   time_err_sd 0.050000 
347  0.485606 0.092621 0.559986 781.984044 
1.020000 1000000.000000 0.219131 0.221299 0.201891 0.199383 0.015549 
327  0.490739 0.094561 0.517570 729.476032 
1.020000 1000000.000000 0.244954 0.223092 0.227049 0.200519 0.016257 
356  0.482461 0.093717 0.709595 2822.014323 
1.020000 1000000.000000 0.243711 0.220788 0.224293 0.198944 0.015545 
374  0.481591 0.092605 0.695353 3414.721942 
1.020000 1000000.000000 0.226047 0.221239 0.208914 0.199304 0.015879 
317  0.467888 0.090947 0.573610 1514.057408 
1.020000 1000000.000000 0.235401 0.225983 0.218061 0.202720 0.016194 
382  0.490946 0.094961 0.840216 3653.470120 
1.020000 1000000.000000 0.228772 0.213764 0.212433 0.193597 0.015971 
351  0.493912 0.093867 0.585145 1357.417392 
1.020000 1000000.000000 0.236517 0.219749 0.219002 0.198130 0.015765 
356  0.486225 0.093213 0.565182 520.507421 
1.020000 1000000.000000 0.242478 0.220932 0.224873 0.199158 0.015742 
351  0.48798 0.094753 6.688571 240700.387322 
1.020000 1000000.000000 0.233329 0.220518 0.214735 0.198597 0.016150 
343  0.497549 0.093423 0.565630 953.904088 
1.020000 1000000.000000 0.234124 0.222069 0.217198 0.199834 0.015407 
obs_intvl 10   time_err_sd 0.000010 
0  0.000185138 0.038451 0.279531 1976.585759 
1.040000 0.400000 0.334189 0.353332 0.277455 0.287119 0.000010 
0  0.000183521 0.037818 0.278681 2854.519474 
1.040000 0.400000 0.324211 0.352579 0.269050 0.286324 0.000010 
0  0.000190328 0.038454 1.352062 43203.567187 
1.040000 0.400000 0.323266 0.348068 0.268866 0.283964 0.000010 
0  0.000194514 0.037739 0.282265 1596.405860 
1.040000 0.400000 0.321480 0.353588 0.267293 0.286792 0.000010 
0  0.000178242 0.038168 0.224211 356.157406 
1.040000 0.400000 0.315980 0.352959 0.263477 0.286198 0.000010 
0  0.000196354 0.038381 0.308990 2751.961131 
1.040000 0.400000 0.330529 0.355110 0.274895 0.288768 0.000010 
0  0.000189233 0.038765 0.735007 18920.356138 
1.040000 0.400000 0.320673 0.342812 0.267571 0.280928 0.000010 
0  0.000184963 0.038467 0.290226 1655.861823 
1.040000 0.400000 0.313327 0.344197 0.262715 0.282133 0.000010 
0  0.000183722 0.038162 0.488484 9335.388486 
1.040000 0.400000 0.334461 0.360723 0.277310 0.291177 0.000010 
0  0.000186335 0.038445 0.231500 359.985159 
1.040000 0.400000 0.328956 0.349712 0.271977 0.285032 0.000010 
obs_intvl 10   time_err_sd 0.012500 
0  0.231142 0.044812 0.339281 1976.585298 
1.020000 0.400000 0.349574 0.331540 0.294651 0.271752 0.012421 
0  0.228822 0.043207 0.384551 2854.519413 
1.020000 0.400000 0.351841 0.330782 0.294902 0.270855 0.012346 
0  0.237601 0.044325 1.398954 43203.575067 
1.020000 0.400000 0.350403 0.325730 0.294832 0.268040 0.012737 
0  0.242565 0.045469 0.376592 1596.405838 
1.020000 0.400000 0.342411 0.331462 0.288228 0.271154 0.012989 
0  0.2223 0.043503 0.319007 1331.960050 
1.020000 0.400000 0.341850 0.330722 0.287186 0.270441 0.012029 
0  0.24512 0.045724 0.313410 477.273725 
1.020000 0.400000 0.344000 0.331562 0.289126 0.272039 0.012938 
0  0.236281 0.044897 0.784317 17596.752332 
1.020000 0.400000 0.342601 0.319636 0.289677 0.264339 0.012626 
0  0.23066 0.044351 0.354747 1655.861767 
1.020000 0.400000 0.333130 0.320908 0.282399 0.265341 0.012348 
0  0.229287 0.044718 0.304165 506.296173 
1.020000 0.400000 0.350448 0.338095 0.292824 0.275341 0.012297 
0  0.232591 0.044625 0.866068 21588.026839 
1.020000 0.400000 0.352230 0.327212 0.295196 0.268961 0.012459 
obs_intvl 10   time_err_sd 0.025000 
0  0.460318 0.065697 0.971124 12999.068652 
1.000000 0.400000 0.418400 0.308156 0.354295 0.254653 0.021504 
0  0.454679 0.065884 0.594152 2854.519413 
1.000000 0.400000 0.401782 0.309158 0.342151 0.255523 0.021681 
0  0.47286 0.066510 2.483962 43203.575395 
1.000000 0.400000 0.403702 0.302590 0.343551 0.251173 0.021999 
0  0.482024 0.067003 0.831935 9433.561217 
1.000000 0.400000 0.391725 0.309670 0.334370 0.255677 0.022556 
0  0.441943 0.062798 0.741495 5851.176554 
1.000000 0.400000 0.402870 0.308890 0.342411 0.254903 0.021119 
0  0.48798 0.070805 0.611449 4164.708143 
1.000000 0.400000 0.406254 0.310480 0.344922 0.257090 0.022568 
0  0.470278 0.067986 0.683359 3442.637265 
1.000000 0.400000 0.404369 0.298136 0.346627 0.248979 0.021970 
0  0.458539 0.064922 0.650598 1700.520732 
1.000000 0.400000 0.371592 0.297963 0.318818 0.248861 0.021661 
0  0.456374 0.067758 0.450777 777.714753 
1.000000 0.400000 0.423630 0.315788 0.356374 0.259421 0.021568 
0  0.463161 0.065990 0.495732 1138.924340 
1.000000 0.400000 0.453610 0.304417 0.385004 0.252654 0.021902 
obs_intvl 10   time_err_sd 0.050000 
51  0.81209 0.123470 2.161684 48886.129407 
1.020000 0.400000 0.432290 0.332552 0.370565 0.272385 0.026614 
49  0.792004 0.124285 1.647622 25020.260670 
1.020000 0.400000 0.438785 0.333039 0.378435 0.272511 0.026780 
59  0.812521 0.125495 3.452163 57003.280300 
1.020000 0.400000 0.441745 0.328225 0.381867 0.270006 0.027578 
58  0.830212 0.126298 1.358662 10676.933441 
1.020000 0.400000 0.432547 0.332752 0.375949 0.272235 0.027729 
46  0.770713 0.116852 1.912563 44681.384794 
1.020000 0.400000 0.425289 0.330508 0.368321 0.270629 0.026225 
56  0.860829 0.134944 0.970666 2339.445103 
1.020000 0.400000 0.451177 0.334965 0.392837 0.274575 0.028033 
55  0.808192 0.130528 1.090015 4293.374479 
1.020000 0.400000 0.431726 0.322500 0.375325 0.266745 0.027210 
48  0.806325 0.122338 0.890556 4751.101682 
1.020000 0.400000 0.431314 0.322572 0.376791 0.266781 0.027596 
44  0.815902 0.128189 0.916424 2162.216988 
1.020000 0.400000 0.446562 0.339911 0.384985 0.276569 0.027629 
43  0.832458 0.127376 0.929796 3536.920616 
1.020000 0.400000 0.448733 0.327425 0.387984 0.269090 0.028090 
obs_intvl 10   time_err_sd 0.100000 
347  0.954352 0.181142 1.515342 9148.179568 
1.020000 0.400000 0.400532 0.333850 0.347037 0.273767 0.017168 
327  0.963768 0.182970 2.087260 32754.768073 
1.020000 0.400000 0.421518 0.334974 0.366813 0.274758 0.019394 
356  0.947783 0.178111 1.197426 6102.500888 
1.020000 0.400000 0.407169 0.328623 0.358313 0.270807 0.018590 
374  0.938638 0.180136 1.188024 2490.367075 
1.020000 0.400000 0.404331 0.333419 0.352929 0.273359 0.018324 
317  0.947569 0.177149 1.012181 1706.389553 
1.020000 0.400000 0.408267 0.331117 0.357960 0.271438 0.018919 
382  0.98456 0.183287 1.488047 8834.219059 
1.020000 0.400000 0.435412 0.337644 0.385163 0.277077 0.019769 
351  0.959952 0.182451 1.214441 2914.151381 
1.020000 0.400000 0.400764 0.322081 0.348102 0.266977 0.018374 
356  0.954756 0.177322 1.139471 6095.796232 
1.020000 0.400000 0.380070 0.321992 0.335061 0.266704 0.018513 
351  0.969106 0.184660 1.065851 1337.036459 
1.020000 0.400000 0.414226 0.340717 0.362092 0.277747 0.019470 
343  0.971781 0.182535 1.107026 6706.757530 
1.020000 0.400000 0.397764 0.328909 0.346857 0.270953 0.017927 
obs_intvl 15   time_err_sd 0.000010 
0  0.000184556 0.037978 0.292277 2854.519222 
1.020000 0.400000 0.422294 0.427658 0.320471 0.319852 0.000010 
0  0.000187619 0.038417 0.386529 5708.719366 
1.020000 0.400000 0.453566 0.432993 0.343362 0.323190 0.000010 
0  0.000192961 0.038222 0.280902 1408.246691 
1.020000 0.400000 0.436736 0.431352 0.332369 0.321840 0.000010 
0  0.000192597 0.038786 0.220480 417.228713 
1.020000 0.400000 0.434777 0.420070 0.330381 0.316876 0.000010 
0  0.000179298 0.038289 0.258286 1176.215332 
1.020000 0.400000 0.429136 0.418584 0.328399 0.316025 0.000010 
0  0.000193961 0.038276 0.291029 1157.753519 
1.020000 0.400000 0.453372 0.435462 0.341902 0.323552 0.000010 
0  0.000190946 0.037895 0.330282 981.217222 
1.020000 0.400000 0.420516 0.425277 0.321509 0.318030 0.000010 
0  0.000186091 0.038510 0.235390 472.195564 
1.020000 0.400000 0.418463 0.427002 0.318571 0.319683 0.000010 
0  0.000185503 0.038415 0.294797 2343.622241 
1.020000 0.400000 0.439598 0.429259 0.334633 0.320876 0.000010 
0  0.000186207 0.037915 0.236245 420.703123 
1.020000 0.400000 0.438474 0.446508 0.327484 0.329364 0.000010 
obs_intvl 15   time_err_sd 0.012500 
0  0.230354 0.044299 0.380307 2854.519413 
1.080000 0.400000 0.458594 0.493926 0.352821 0.359929 0.012421 
0  0.234034 0.044070 0.488994 5708.719390 
1.080000 0.400000 0.475911 0.500534 0.366973 0.363574 0.012346 
0  0.240878 0.044818 0.318954 477.668550 
1.080000 0.400000 0.471579 0.499475 0.364983 0.362523 0.012737 
0  0.240351 0.045111 0.498421 5556.273178 
1.080000 0.400000 0.455804 0.487302 0.354495 0.357765 0.012989 
0  0.223786 0.043688 0.324655 1723.499501 
1.080000 0.400000 0.460011 0.487673 0.356813 0.358212 0.012029 
0  0.242011 0.045100 0.294800 413.279429 
1.080000 0.400000 0.481874 0.504789 0.370543 0.365033 0.012938 
0  0.238181 0.044481 0.389640 925.934281 
1.080000 0.400000 0.451923 0.493572 0.350719 0.359644 0.012626 
0  0.232077 0.043928 0.323549 679.372486 
1.080000 0.400000 0.447872 0.495430 0.346376 0.361050 0.012348 
0  0.231685 0.044433 0.391258 2343.622242 
1.080000 0.400000 0.456473 0.497805 0.353611 0.362066 0.012297 
0  0.232414 0.043455 0.347763 1596.397719 
1.080000 0.400000 0.470635 0.515214 0.357262 0.370134 0.012459 
obs_intvl 15   time_err_sd 0.025000 
0  0.458473 0.066708 0.573109 2854.519413 
1.040000 0.400000 0.502199 0.450641 0.393994 0.333972 0.022105 
0  0.465235 0.066527 0.445504 1240.960946 
1.040000 0.400000 0.534467 0.455557 0.421463 0.336848 0.022029 
0  0.479495 0.066365 0.593002 3508.118238 
1.040000 0.400000 0.524026 0.455719 0.413144 0.336323 0.022544 
0  0.478408 0.068831 0.654963 4413.108068 
1.040000 0.400000 0.518739 0.443930 0.410185 0.331355 0.022979 
0  0.445502 0.064392 0.796589 7200.965378 
1.040000 0.400000 0.504081 0.443077 0.400497 0.331092 0.021335 
0  0.481287 0.070895 0.609270 5579.634741 
1.040000 0.400000 0.549182 0.460236 0.431517 0.338255 0.023008 
0  0.473476 0.067482 1.214681 23895.722763 
1.040000 0.400000 0.505174 0.449149 0.396687 0.332704 0.022368 
0  0.461459 0.065523 0.493630 1638.986448 
1.040000 0.400000 0.494740 0.449974 0.391459 0.333412 0.021993 
0  0.461595 0.067001 0.769786 8857.896331 
1.040000 0.400000 0.513512 0.453649 0.406261 0.335675 0.021952 
0  0.462765 0.064278 0.587097 2108.048007 
1.040000 0.400000 0.520233 0.471127 0.402263 0.343886 0.022257 
obs_intvl 15   time_err_sd 0.050000 
1  0.895448 0.123895 1.082285 3306.537323 
1.080000 0.400000 0.583902 0.499221 0.471484 0.363245 0.031994 
4  0.896118 0.124293 0.903181 1259.291782 
1.080000 0.400000 0.623501 0.504779 0.509128 0.366240 0.032186 
4  0.931516 0.127062 2.605337 30673.793966 
1.080000 0.400000 0.627925 0.503067 0.516603 0.365026 0.033212 
4  0.927529 0.129827 1.222125 8458.567045 
1.080000 0.400000 0.607549 0.492524 0.500438 0.360774 0.033779 
5  0.860028 0.121131 0.872585 3588.780722 
1.080000 0.400000 0.573384 0.490618 0.470576 0.360078 0.030601 
3  0.934991 0.133946 0.983813 2214.837884 
1.080000 0.400000 0.642378 0.508538 0.522693 0.367160 0.033551 
4  0.918609 0.128807 1.137335 3561.598887 
1.080000 0.400000 0.581297 0.499924 0.473273 0.363073 0.032169 
5  0.896537 0.124468 2.271261 58383.139289 
1.080000 0.400000 0.586932 0.499904 0.482183 0.363534 0.031796 
2  0.903356 0.126126 2.772355 62266.022077 
1.080000 0.400000 0.613995 0.502477 0.504042 0.364670 0.032301 
0  0.909929 0.121829 1.081155 6445.277014 
1.080000 0.400000 0.611687 0.517278 0.492685 0.370994 0.032839 
obs_intvl 15   time_err_sd 0.100000 
156  1.29908 0.230422 3.611224 82028.239240 
1.080000 1000000.000000 0.580274 0.498305 0.476096 0.363462 0.026369 
131  1.34953 0.238323 1.933277 16480.925535 
1.080000 1000000.000000 0.617308 0.504542 0.518224 0.367362 0.028452 
160  1.33671 0.233980 1.926688 12721.935270 
1.080000 1000000.000000 0.612817 0.501482 0.508554 0.364789 0.028257 
176  1.32421 0.233156 14.579183 526514.107721 
1.080000 1000000.000000 0.622918 0.490287 0.530973 0.360284 0.028830 
121  1.31368 0.227092 1.395252 2065.842246 
1.080000 1000000.000000 0.581151 0.485883 0.483910 0.357966 0.026150 
156  1.38768 0.245299 2.620932 39375.362760 
1.080000 1000000.000000 0.661712 0.508722 0.560447 0.367744 0.031378 
155  1.33153 0.235271 1.778046 13439.855179 
1.080000 1000000.000000 0.584391 0.500542 0.486040 0.364228 0.027103 
142  1.33082 0.229041 1.543084 3340.147921 
1.080000 1000000.000000 0.591855 0.497658 0.498192 0.363265 0.027740 
144  1.34463 0.243248 1.708366 6868.627578 
1.080000 1000000.000000 0.630147 0.502211 0.536473 0.365463 0.029412 
158  1.32483 0.229934 26.048925 981026.126520 
1.080000 1000000.000000 0.647993 0.519659 0.542533 0.373668 0.029212 
obs_intvl 30   time_err_sd 0.000010 
0  0.000186586 0.038225 0.237010 415.081693 
1.080000 0.400000 0.810849 0.833309 0.471697 0.464809 0.000010 
0  0.000186377 0.038538 0.260335 581.228252 
1.080000 0.400000 0.856466 0.849223 0.488012 0.468843 0.000010 
0  0.000193247 0.038292 0.256731 911.654204 
1.080000 0.400000 0.892213 0.838966 0.526623 0.465625 0.000010 
0  0.000192501 0.038309 0.342455 2343.622242 
1.080000 0.400000 0.900000 0.864457 0.518905 0.472913 0.000010 
0  0.000180803 0.038311 0.268326 2606.065595 
1.080000 0.400000 0.836526 0.843974 0.479280 0.466983 0.000010 
0  0.00019507 0.037937 0.306814 2980.851549 
1.080000 0.400000 0.875698 0.858740 0.505349 0.471118 0.000010 
0  0.000193024 0.038303 0.230266 234.522430 
1.080000 0.400000 0.841867 0.858653 0.478200 0.470744 0.000010 
0  0.000184753 0.038505 0.244677 667.843970 
1.080000 0.400000 0.834774 0.852543 0.480217 0.469618 0.000010 
0  0.000184009 0.038644 0.257800 1077.943314 
1.080000 0.400000 0.814302 0.825372 0.474182 0.461576 0.000010 
0  0.000186199 0.038179 0.239427 378.969432 
1.080000 0.400000 0.831153 0.851903 0.474063 0.469122 0.000010 
obs_intvl 30   time_err_sd 0.012500 
0  0.232721 0.044062 0.284159 347.797323 
1.080000 0.250000 0.841312 0.855348 0.501213 0.478753 0.012421 
0  0.232622 0.043691 1.766277 49923.568648 
1.080000 0.250000 0.892332 0.871677 0.522663 0.482204 0.012346 
0  0.241091 0.044184 0.322249 911.654124 
1.080000 0.250000 0.870927 0.861872 0.514712 0.479441 0.012737 
0  0.23993 0.044255 0.389257 1456.764673 
1.080000 0.250000 0.916909 0.887871 0.533236 0.486448 0.012989 
0  0.225708 0.043650 0.401824 2606.066322 
1.080000 0.250000 0.881351 0.866799 0.515087 0.480354 0.012029 
0  0.243674 0.045019 0.334198 745.949099 
1.080000 0.250000 0.918016 0.882722 0.538918 0.484681 0.012938 
0  0.240894 0.044194 0.447843 2826.987983 
1.080000 0.250000 0.887587 0.879531 0.518632 0.483668 0.012626 
0  0.230559 0.044268 0.443618 4242.708260 
1.080000 0.250000 0.871231 0.875425 0.514196 0.483362 0.012348 
0  0.22962 0.044569 0.314815 1077.943313 
1.080000 0.250000 0.856411 0.847287 0.512453 0.474862 0.012297 
0  0.23252 0.043990 0.790954 18692.798619 
1.080000 0.250000 0.871407 0.871478 0.511920 0.481822 0.012459 
obs_intvl 30   time_err_sd 0.025000 
0  0.462831 0.065747 0.597769 3364.607643 
1.080000 0.250000 0.908616 0.857632 0.566240 0.479483 0.023347 
0  0.462733 0.064993 1.168243 18458.319106 
1.080000 0.250000 0.944414 0.871979 0.583437 0.483002 0.023319 
0  0.479512 0.067555 0.547010 1170.885608 
1.080000 0.250000 0.936056 0.866264 0.584665 0.481069 0.023966 
0  0.476772 0.067997 0.684938 3710.812021 
1.080000 0.250000 0.985007 0.889489 0.603539 0.487133 0.024493 
0  0.449351 0.061550 0.421890 733.080022 
1.080000 0.250000 0.942322 0.869908 0.577037 0.481395 0.022810 
0  0.485376 0.072030 0.710541 6139.282013 
1.080000 0.250000 1.001696 0.885921 0.620186 0.486077 0.024422 
0  0.479248 0.069080 0.494098 1377.386202 
1.080000 0.250000 0.959251 0.879682 0.589901 0.483688 0.023680 
0  0.458791 0.064223 0.647451 2927.038657 
1.080000 0.250000 0.941095 0.879119 0.579614 0.484939 0.023100 
0  0.456884 0.067637 0.488295 1266.297162 
1.080000 0.250000 0.913690 0.851855 0.574482 0.476192 0.023086 
0  0.463312 0.067563 0.551405 1383.551417 
1.080000 0.250000 0.938780 0.876184 0.578225 0.482926 0.023572 
obs_intvl 30   time_err_sd 0.050000 
0  0.907347 0.123245 1.266219 6879.166413 
1.080000 0.400000 1.052613 0.843970 0.694265 0.469427 0.036140 
0  0.905629 0.121896 1.121220 4619.955919 
1.080000 0.400000 1.123317 0.858866 0.741046 0.473102 0.036426 
0  0.939214 0.125589 1.798784 16211.288845 
1.080000 0.400000 1.088276 0.853101 0.721484 0.470589 0.037339 
0  0.933596 0.129632 1.175446 4829.297249 
1.080000 0.400000 1.165923 0.877362 0.757411 0.478183 0.038775 
0  0.882202 0.116884 1.115574 3411.852096 
1.080000 0.400000 1.073905 0.856007 0.699224 0.471604 0.035277 
0  0.952355 0.137914 2.638373 45265.085706 
1.080000 0.400000 1.349909 0.870824 0.917829 0.475386 0.038714 
0  0.938924 0.128445 1.263935 4998.631588 
1.080000 0.400000 1.092553 0.866725 0.714292 0.474047 0.036774 
0  0.899959 0.122120 3.899190 85147.716131 
1.080000 0.400000 1.089396 0.861630 0.723803 0.473898 0.036342 
0  0.896407 0.128955 0.993878 4332.354840 
1.080000 0.400000 1.074815 0.835690 0.715892 0.465330 0.035730 
0  0.911628 0.126762 1.039631 2185.908116 
1.080000 0.400000 1.088827 0.863307 0.708627 0.473470 0.036485 
obs_intvl 30   time_err_sd 0.100000 
1  1.69364 0.244443 2.775625 26132.875991 
1.080000 0.250000 1.227026 0.903802 0.874680 0.508570 0.047508 
4  1.66444 0.244301 2.351046 14402.036310 
1.080000 0.250000 1.250749 0.911131 0.891392 0.509348 0.048149 
4  1.73782 0.252091 2.697682 16625.952263 
1.080000 0.250000 1.244377 0.914962 0.894271 0.509624 0.048782 
4  1.734 0.257057 1.675079 5396.427721 
1.080000 0.250000 1.386679 0.938745 0.982707 0.519934 0.052789 
5  1.62893 0.226990 2.353531 16254.034041 
1.080000 0.250000 1.232436 0.912171 0.870752 0.507715 0.045212 
3  1.76134 0.270523 1.951833 3259.012042 
1.080000 0.250000 1.345989 0.935411 0.972367 0.517378 0.052369 
4  1.73622 0.257227 1.921837 8332.953714 
1.080000 0.250000 1.286082 0.927247 0.901711 0.513975 0.046987 
5  1.67254 0.242209 2.364984 17465.094441 
1.080000 0.250000 1.321062 0.918087 0.969189 0.511260 0.050136 
2  1.68013 0.253746 3.763079 45615.692050 
1.080000 0.250000 1.203435 0.894550 0.875146 0.503582 0.047509 
0  1.71387 0.248879 2.174752 7698.957757 
1.080000 0.250000 1.239594 0.929204 0.876610 0.515110 0.048419 
obs_intvl 30   time_err_sd 0.200000 
156  2.39029 0.464407 3.321909 15660.397407 
1.160000 1000000.000000 1.400136 1.086052 1.128364 0.601062 0.057130 
131  2.41667 0.455624 5.163852 66863.724269 
1.160000 1000000.000000 1.450343 1.096107 1.152851 0.605596 0.058942 
160  2.42219 0.454972 3.201273 17584.334442 
1.160000 1000000.000000 1.473193 1.103144 1.154088 0.605719 0.058014 
176  2.41225 0.462888 3.756875 25642.028980 
1.160000 1000000.000000 1.641966 1.137974 1.333011 0.624367 0.070218 
121  2.38602 0.442053 3.067431 17314.239750 
1.160000 1000000.000000 1.600709 1.124910 1.290497 0.617544 0.065840 
156  2.49661 0.485106 3.522401 9272.617955 
1.160000 1000000.000000 1.650659 1.130316 1.365020 0.619836 0.074530 
155  2.43748 0.472456 7.327276 123036.533203 
1.160000 1000000.000000 1.529650 1.125493 1.203863 0.615655 0.058782 
142  2.41501 0.451189 3.432837 10349.956663 
1.160000 1000000.000000 1.467397 1.082306 1.172164 0.595853 0.059176 
144  2.42886 0.466382 3.714667 33930.955640 
1.160000 1000000.000000 1.486417 1.067527 1.237042 0.594731 0.068909 
158  2.39364 0.453693 2.544596 7853.357927 
1.160000 1000000.000000 1.535439 1.088685 1.231434 0.600707 0.062310 
obs_intvl 60   time_err_sd 0.000010 
0  0.000187172 0.038140 0.287800 919.271540 
1.160000 0.250000 1.926620 2.049993 0.737612 0.726611 0.000010 
0  0.000186367 0.038443 0.299593 2980.851382 
1.160000 0.250000 1.963184 2.029837 0.754957 0.722846 0.000010 
0  0.000195671 0.038069 0.274336 2003.170098 
1.160000 0.250000 1.906506 2.041703 0.744491 0.725319 0.000010 
0  0.000195509 0.038691 0.238357 515.645148 
1.160000 0.250000 1.905642 2.011647 0.744320 0.720682 0.000010 
0  0.000183516 0.038601 0.325007 3709.099070 
1.160000 0.250000 1.881951 2.007278 0.728920 0.719846 0.000010 
0  0.000191032 0.038033 0.236114 565.036555 
1.160000 0.250000 1.889409 1.990390 0.740110 0.719074 0.000010 
0  0.000186822 0.038186 0.313197 1069.354886 
1.160000 0.250000 1.925500 2.007505 0.750102 0.721094 0.000010 
0  0.000186309 0.038118 0.271960 1104.996768 
1.160000 0.250000 1.931062 2.029017 0.746984 0.723709 0.000010 
0  0.00018458 0.037956 0.337431 2977.799370 
1.160000 0.250000 1.905600 2.006709 0.733517 0.720527 0.000010 
0  0.000186202 0.038132 0.321465 4129.327375 
1.160000 0.250000 1.917090 2.027640 0.739398 0.722300 0.000010 
obs_intvl 60   time_err_sd 0.012500 
0  0.233734 0.043928 0.487985 3550.916508 
1.080000 0.200000 1.921988 1.877403 0.761051 0.687765 0.012421 
0  0.232499 0.043753 0.383144 2980.851464 
1.080000 0.200000 1.967140 1.867034 0.785125 0.685576 0.012346 
0  0.244202 0.044399 0.539077 6626.741639 
1.080000 0.200000 1.890892 1.874089 0.770284 0.687631 0.012737 
0  0.244091 0.045373 0.345582 2016.066268 
1.080000 0.200000 1.900961 1.846092 0.763638 0.682059 0.012989 
0  0.228876 0.043969 0.400370 3709.097466 
1.080000 0.200000 1.874494 1.847624 0.742249 0.683027 0.012029 
0  0.238434 0.045071 0.506443 3657.712455 
1.080000 0.200000 1.886308 1.830205 0.764677 0.682024 0.012938 
0  0.233182 0.044001 0.392960 1863.532215 
1.080000 0.200000 1.905187 1.841790 0.766194 0.683794 0.012626 
0  0.232664 0.044366 1.058594 30295.179628 
1.080000 0.200000 1.916635 1.864417 0.769644 0.686582 0.012348 
0  0.230509 0.044142 0.724952 9730.417693 
1.080000 0.200000 1.885580 1.836308 0.753938 0.682368 0.012297 
0  0.232534 0.044208 0.399913 4129.328365 
1.080000 0.200000 1.936527 1.861988 0.767042 0.685158 0.012459 
obs_intvl 60   time_err_sd 0.025000 
0  0.465547 0.066043 0.504654 632.068573 
1.080000 0.200000 1.988722 1.884436 0.844643 0.689041 0.024755 
0  0.462322 0.066276 0.602782 2980.851464 
1.080000 0.200000 1.999961 1.864569 0.848263 0.685714 0.024640 
0  0.485772 0.067542 0.588906 1744.769007 
1.080000 0.200000 1.939311 1.878832 0.840503 0.688380 0.025349 
0  0.485932 0.067769 0.637671 2382.018754 
1.080000 0.200000 1.957128 1.845680 0.839868 0.682513 0.025952 
0  0.454714 0.063626 0.759434 12710.349330 
1.080000 0.200000 1.949704 1.843902 0.826618 0.682965 0.023939 
0  0.474691 0.069724 0.531335 1557.231889 
1.080000 0.200000 1.927295 1.830817 0.835699 0.682232 0.025735 
0  0.464358 0.068394 0.775984 5019.233859 
1.080000 0.200000 1.953965 1.845656 0.841480 0.684251 0.025083 
0  0.463443 0.067203 0.845287 15119.575914 
1.080000 0.200000 1.963069 1.865244 0.836497 0.686498 0.024429 
0  0.459478 0.068535 0.809572 6461.633687 
1.080000 0.200000 1.929174 1.835801 0.820797 0.682512 0.024480 
0  0.463399 0.066489 0.648092 4129.328365 
1.080000 0.200000 1.958284 1.861353 0.829096 0.685860 0.024765 
obs_intvl 60   time_err_sd 0.050000 
0  0.914301 0.123831 1.040227 3588.857004 
1.080000 0.175000 2.062864 1.900936 0.995347 0.696953 0.043575 
0  0.905163 0.126726 1.061108 1736.930351 
1.080000 0.175000 2.084946 1.887442 0.996887 0.695244 0.044046 
0  0.950541 0.128797 0.894224 1139.126240 
1.080000 0.175000 2.060214 1.890878 1.017148 0.696581 0.045094 
0  0.952838 0.130853 1.226352 6693.766221 
1.080000 0.175000 2.105285 1.846220 1.034245 0.690032 0.045846 
0  0.888004 0.117717 1.232020 6427.259644 
1.080000 0.175000 2.047891 1.855417 0.987320 0.691519 0.042525 
0  0.932637 0.132974 1.888968 25952.283612 
1.080000 0.175000 2.037691 1.841718 1.015661 0.690552 0.045832 
0  0.912733 0.129788 1.060945 3891.848015 
1.080000 0.175000 2.061738 1.854956 1.009635 0.692578 0.044376 
0  0.910398 0.127575 1.525222 10690.799732 
1.080000 0.175000 2.063632 1.875777 1.006741 0.694626 0.043544 
0  0.904887 0.127887 1.345319 17807.041283 
1.080000 0.175000 2.012938 1.857519 0.977968 0.691501 0.043290 
0  0.912437 0.123858 1.261452 8426.363864 
1.080000 0.175000 2.077308 1.874033 1.008659 0.693013 0.044027 
obs_intvl 60   time_err_sd 0.100000 
0  1.70657 0.237149 2.225867 12587.155271 
1.040000 0.150000 2.349872 1.845342 1.338038 0.711205 0.070408 
0  1.68858 0.248307 2.664834 20662.519596 
1.040000 0.150000 2.333982 1.843897 1.326865 0.708675 0.070470 
0  1.76138 0.249349 1.442950 1653.124280 
1.040000 0.150000 2.336288 1.836764 1.377172 0.709680 0.072941 
0  1.77493 0.256652 2.085983 12042.953185 
1.040000 0.150000 2.323685 1.815752 1.355050 0.706504 0.073230 
0  1.64907 0.231758 1.923321 6450.587405 
1.040000 0.150000 2.250170 1.812651 1.278108 0.703381 0.067980 
0  1.74757 0.266004 1.897686 5801.650868 
1.040000 0.150000 2.259297 1.811944 1.340696 0.707172 0.073939 
0  1.70871 0.253951 1.672184 3215.145222 
1.040000 0.150000 2.333977 1.807443 1.353154 0.705874 0.071079 
0  1.70337 0.250793 2.089047 6503.759803 
1.040000 0.150000 2.325273 1.835874 1.348293 0.708022 0.070059 
0  1.70348 0.253920 2.721032 29943.487840 
1.040000 0.150000 2.294135 1.805505 1.334009 0.703405 0.070928 
0  1.71613 0.246349 6.508211 144585.533211 
1.040000 0.150000 2.344427 1.817312 1.348935 0.705856 0.069787 
obs_intvl 60   time_err_sd 0.200000 
1  2.81252 0.469349 6.559874 52365.368642 
1.080000 0.125000 2.700349 2.234148 1.946060 0.991980 0.124754 
4  2.80119 0.477743 3.637413 9583.373403 
1.080000 0.125000 2.657408 2.231568 1.903772 0.983347 0.122642 
4  2.88254 0.483333 3.587915 10238.462408 
1.080000 0.125000 2.681135 2.215648 1.972512 0.985074 0.124946 
4  2.90977 0.504448 15.742494 359632.035662 
1.080000 0.125000 2.729974 2.208091 2.018187 0.989423 0.128354 
5  2.74132 0.462862 4.520089 19471.773538 
1.080000 0.125000 2.605420 2.191059 1.881289 0.964627 0.118851 
3  2.9009 0.512683 3.373577 14602.658521 
1.080000 0.125000 2.710161 2.184970 2.025266 0.979059 0.133269 
4  2.83109 0.506001 4.813668 23158.845187 
1.080000 0.125000 2.721796 2.178670 1.974587 0.971352 0.130025 
5  2.82899 0.487494 5.426288 41985.231297 
1.080000 0.125000 2.732936 2.203111 2.004364 0.971750 0.132179 
2  2.85945 0.501035 4.511494 17750.825977 
1.080000 0.125000 2.695206 2.184212 1.972365 0.972228 0.129458 
0  2.85768 0.490758 3.804133 16571.162247 
1.080000 0.125000 2.704474 2.191403 1.953995 0.977248 0.129306 
