correction_method 11   obs_discard_width -1 
CAREFUL: DELTA_T 0.01  MODEL_SIZE 40  FORCING 8  ENSEMBLE SIZE 80 
CAREFUL: num_times 1100  skipping 100  obs_err_var 1.0  
obs_intvl 5   time_err_sd 0.000010 
0  0.000189842 0.038498 0.216476 293.062222 
1.000000 1000000.000000 0.199617 0.193415 0.182146 0.176013 0.000010 0.000010 
0  0.000183114 0.038008 0.333174 1696.198034 
1.000000 1000000.000000 0.212226 0.196049 0.193946 0.177762 0.000010 0.000010 
0  0.000192564 0.038557 0.382482 1976.585284 
1.000000 1000000.000000 0.230140 0.194706 0.209778 0.177035 0.000010 0.000010 
0  0.000194934 0.037939 0.258616 940.260245 
1.000000 1000000.000000 0.204539 0.194901 0.185942 0.177177 0.000010 0.000010 
0  0.000175963 0.037242 0.217285 250.420262 
1.000000 1000000.000000 0.201886 0.199515 0.183912 0.180637 0.000010 0.000010 
0  0.000196006 0.038393 0.236009 830.804865 
1.000000 1000000.000000 0.203786 0.186005 0.187441 0.170104 0.000010 0.000010 
0  0.000190199 0.038240 1.301313 43203.405541 
1.000000 1000000.000000 0.209182 0.191393 0.191854 0.174211 0.000010 0.000010 
0  0.000183887 0.038951 0.525310 10407.637593 
1.000000 1000000.000000 0.207068 0.193676 0.188841 0.176253 0.000010 0.000010 
0  0.000182931 0.038372 0.427766 5708.718761 
1.000000 1000000.000000 0.213568 0.194083 0.194468 0.176417 0.000010 0.000010 
0  0.000190883 0.038246 0.320622 911.459481 
1.000000 1000000.000000 0.201101 0.195274 0.184086 0.177324 0.000010 0.000010 
obs_intvl 5   time_err_sd 0.012500 
0  0.236877 0.043936 0.295937 611.821336 
1.000000 0.400000 0.208208 0.198442 0.191352 0.180478 0.007471 0.007156 
0  0.228292 0.043047 0.389582 1374.504576 
1.000000 0.400000 0.222227 0.200772 0.204447 0.182002 0.007660 0.007052 
0  0.240511 0.045447 0.948008 23960.592657 
1.000000 0.400000 0.239088 0.199481 0.218864 0.181372 0.007880 0.007259 
0  0.243144 0.045506 2.726913 89205.319641 
1.000000 0.400000 0.222453 0.199305 0.203411 0.181134 0.008177 0.007551 
0  0.219563 0.042174 0.403306 4563.149059 
1.000000 0.400000 0.211827 0.204280 0.194486 0.184931 0.007831 0.007365 
0  0.244682 0.045358 0.340558 1095.222835 
1.000000 0.400000 0.208924 0.190962 0.193079 0.174575 0.007929 0.007481 
0  0.23713 0.044465 1.402681 43203.575398 
1.000000 0.400000 0.222203 0.196526 0.204703 0.178828 0.007580 0.007107 
0  0.229271 0.044485 0.655074 10407.643749 
1.000000 0.400000 0.212133 0.198100 0.194195 0.180275 0.007929 0.007408 
0  0.228255 0.044948 0.537572 5708.719390 
1.000000 0.400000 0.220459 0.198581 0.201576 0.180432 0.007860 0.007293 
0  0.238326 0.043982 0.364351 803.992666 
1.000000 0.400000 0.219459 0.200962 0.201725 0.182492 0.007648 0.006863 
obs_intvl 5   time_err_sd 0.025000 
0  0.417833 0.068277 0.468206 2084.770966 
1.000000 0.400000 0.238692 0.198452 0.220468 0.180500 0.009769 0.008249 
0  0.416274 0.065043 0.529613 2891.457252 
1.000000 0.400000 0.274904 0.200768 0.251860 0.182123 0.010050 0.008241 
0  0.414888 0.068863 0.407881 854.258277 
1.000000 0.400000 0.257140 0.199424 0.237162 0.181146 0.010288 0.008362 
0  0.425902 0.066510 0.527895 2010.961401 
1.000000 0.400000 0.257057 0.200044 0.236101 0.181749 0.010523 0.008753 
0  0.39066 0.059959 0.474797 2049.387868 
1.000000 0.400000 0.253104 0.204097 0.232307 0.184869 0.009570 0.008473 
0  0.41737 0.068500 28.608650 1125390.409471 
1.000000 0.400000 0.232777 0.191200 0.215601 0.174691 0.009665 0.008433 
0  0.417987 0.067144 0.609331 2967.586335 
1.000000 0.400000 0.252855 0.198070 0.234144 0.180174 0.009684 0.007975 
0  0.397861 0.063141 0.452629 1370.166043 
1.000000 0.400000 0.248158 0.198048 0.229058 0.180250 0.010136 0.008396 
0  0.414999 0.065610 0.580866 2002.812894 
1.000000 0.400000 0.272406 0.199565 0.251469 0.181250 0.010290 0.008543 
0  0.419245 0.062138 0.668482 2015.969791 
1.000000 0.400000 0.247085 0.200374 0.227727 0.181971 0.009941 0.008042 
obs_intvl 5   time_err_sd 0.050000 
0  0.524278 0.090736 0.606899 1475.933691 
1.020000 1000000.000000 0.256781 0.218573 0.238537 0.197001 0.010220 0.008418 
0  0.498671 0.083936 0.754387 7921.861005 
1.020000 1000000.000000 0.264095 0.220936 0.243914 0.198507 0.010938 0.008716 
0  0.507563 0.086704 0.949440 8789.012746 
1.020000 1000000.000000 0.270229 0.219330 0.251114 0.197566 0.012108 0.008725 
0  0.501879 0.086042 0.650326 2607.119720 
1.020000 1000000.000000 0.261211 0.219754 0.242585 0.197846 0.011006 0.008446 
0  0.498571 0.085029 0.659928 2839.968412 
1.020000 1000000.000000 0.271354 0.224005 0.251355 0.200884 0.011428 0.008726 
0  0.520098 0.093140 0.850530 9938.514393 
1.020000 1000000.000000 0.268313 0.210508 0.249845 0.190521 0.011465 0.008855 
0  0.499 0.084866 0.547578 2664.476801 
1.020000 1000000.000000 0.258855 0.217106 0.239959 0.195718 0.010850 0.008562 
0  0.510299 0.088066 1.162773 16760.294988 
1.020000 1000000.000000 0.283742 0.218375 0.264131 0.196846 0.011156 0.008697 
0  0.498256 0.085932 0.758361 6793.123192 
1.020000 1000000.000000 0.268599 0.218853 0.249465 0.197006 0.011028 0.008774 
0  0.497264 0.081058 0.720320 2236.206347 
1.020000 1000000.000000 0.272039 0.219296 0.250768 0.197316 0.010632 0.008298 
obs_intvl 10   time_err_sd 0.000010 
0  0.000185138 0.038451 0.279531 1976.585759 
1.040000 1000000.000000 0.327410 0.339219 0.272818 0.275452 0.000010 0.000010 
0  0.000183521 0.037818 0.278681 2854.519474 
1.040000 1000000.000000 0.322606 0.339468 0.267685 0.275485 0.000010 0.000010 
0  0.000190328 0.038454 1.352062 43203.567187 
1.040000 1000000.000000 0.324019 0.334027 0.269215 0.272589 0.000010 0.000010 
0  0.000194514 0.037739 0.282265 1596.405860 
1.040000 1000000.000000 0.316506 0.339606 0.263121 0.275415 0.000010 0.000010 
0  0.000178242 0.038168 0.224211 356.157406 
1.040000 1000000.000000 0.316776 0.338688 0.264582 0.274533 0.000010 0.000010 
0  0.000196354 0.038381 0.308990 2751.961131 
1.040000 1000000.000000 0.332774 0.340547 0.276578 0.276741 0.000010 0.000010 
0  0.000189233 0.038765 0.735007 18920.356138 
1.040000 1000000.000000 0.321915 0.328005 0.269114 0.268846 0.000010 0.000010 
0  0.000184963 0.038467 0.290226 1655.861823 
1.040000 1000000.000000 0.301502 0.328936 0.253004 0.269552 0.000010 0.000010 
0  0.000183722 0.038162 0.488484 9335.388486 
1.040000 1000000.000000 0.330146 0.346744 0.274007 0.279999 0.000010 0.000010 
0  0.000186335 0.038445 0.231500 359.985159 
1.040000 1000000.000000 0.327309 0.335598 0.271210 0.273478 0.000010 0.000010 
obs_intvl 10   time_err_sd 0.012500 
0  0.231142 0.044812 0.339281 1976.585298 
1.020000 0.400000 0.346983 0.327178 0.292062 0.268130 0.008271 0.007107 
0  0.228822 0.043207 0.384551 2854.519413 
1.020000 0.400000 0.347936 0.327666 0.291802 0.268423 0.008761 0.007439 
0  0.237601 0.044325 1.398954 43203.575067 
1.020000 0.400000 0.346546 0.322412 0.291274 0.265251 0.008600 0.007095 
0  0.242565 0.045469 0.376592 1596.405838 
1.020000 0.400000 0.341601 0.327899 0.287312 0.268382 0.008387 0.007232 
0  0.2223 0.043503 0.319007 1331.960050 
1.020000 0.400000 0.342018 0.327174 0.287946 0.267578 0.008282 0.007090 
0  0.24512 0.045724 0.313410 477.273725 
1.020000 0.400000 0.351268 0.328026 0.294665 0.269240 0.008660 0.007339 
0  0.236281 0.044897 0.784317 17596.752332 
1.020000 0.400000 0.346419 0.316938 0.292135 0.262101 0.008475 0.007226 
0  0.23066 0.044351 0.354747 1655.861767 
1.020000 0.400000 0.331282 0.316699 0.280217 0.262049 0.008856 0.007454 
0  0.229287 0.044718 0.304165 506.296173 
1.020000 0.400000 0.353828 0.334518 0.294876 0.272368 0.008576 0.007327 
0  0.232591 0.044625 0.866068 21588.026839 
1.020000 0.400000 0.353557 0.323808 0.295814 0.266159 0.008339 0.006902 
obs_intvl 10   time_err_sd 0.025000 
0  0.460318 0.065697 0.971124 12999.068652 
1.020000 0.400000 0.412713 0.327275 0.350835 0.268189 0.011456 0.008541 
0  0.454679 0.065884 0.594152 2854.519413 
1.020000 0.400000 0.406855 0.327735 0.346583 0.268291 0.012603 0.008990 
0  0.47286 0.066510 2.483962 43203.575395 
1.020000 0.400000 0.413699 0.323526 0.352825 0.265944 0.012830 0.008522 
0  0.482024 0.067003 0.831935 9433.561217 
1.020000 0.400000 0.399542 0.328729 0.341484 0.268700 0.012128 0.008604 
0  0.441943 0.062798 0.741495 5851.176554 
1.020000 0.400000 0.390955 0.326955 0.335033 0.267472 0.011703 0.008559 
0  0.48798 0.070805 0.611449 4164.708143 
1.020000 0.400000 0.411964 0.328267 0.352029 0.269122 0.012645 0.008654 
0  0.470278 0.067986 0.683359 3442.637265 
1.020000 0.400000 0.405374 0.317567 0.347897 0.262569 0.012072 0.008619 
0  0.458539 0.064922 0.650598 1700.520732 
1.020000 0.400000 0.385317 0.318756 0.331764 0.263401 0.012256 0.008909 
0  0.456374 0.067758 0.450777 777.714753 
1.020000 0.400000 0.422489 0.335514 0.358271 0.273046 0.012175 0.008738 
0  0.463161 0.065990 0.495732 1138.924340 
1.020000 0.400000 0.413584 0.324094 0.352276 0.266311 0.012223 0.008211 
obs_intvl 10   time_err_sd 0.050000 
0  0.810051 0.128604 1.070527 4790.917214 
1.040000 0.400000 0.515934 0.349644 0.448881 0.283189 0.017604 0.009792 
0  0.821247 0.120019 1.182827 4178.605914 
1.040000 0.400000 0.533456 0.347406 0.463035 0.281634 0.017464 0.010565 
0  0.818659 0.126237 1.499936 21109.168834 
1.040000 0.400000 0.524524 0.343484 0.460299 0.279619 0.018587 0.010534 
0  0.837546 0.122883 0.907485 4100.830451 
1.040000 0.400000 0.532778 0.349352 0.462060 0.282820 0.018172 0.010689 
0  0.783937 0.117802 1.066398 7763.235449 
1.040000 0.400000 0.509550 0.345812 0.441628 0.280146 0.017018 0.010079 
0  0.848107 0.130910 1.047285 3015.501737 
1.040000 0.400000 0.562331 0.350508 0.488048 0.284331 0.017696 0.010625 
0  0.823758 0.127899 2.105935 33524.203342 
1.040000 0.400000 0.509981 0.336807 0.448409 0.275857 0.017318 0.009741 
0  0.782345 0.120076 0.992121 4483.388608 
1.040000 0.400000 0.519793 0.336428 0.453486 0.275601 0.017019 0.010208 
0  0.836622 0.129167 1.135609 9335.389624 
1.040000 0.400000 0.565148 0.355453 0.490913 0.286271 0.018837 0.010543 
0  0.813604 0.117028 1.195913 6648.816473 
1.040000 0.400000 0.544108 0.344483 0.475080 0.280149 0.018730 0.010304 
obs_intvl 10   time_err_sd 0.100000 
0  1.00683 0.175304 1.249349 6012.897300 
1.040000 0.250000 0.615604 0.359721 0.534601 0.291556 0.020553 0.012354 
0  0.981158 0.167542 1.915705 22533.616309 
1.040000 0.250000 0.615969 0.360884 0.539568 0.292039 0.020919 0.011999 
0  0.990316 0.163636 1.146187 4904.684673 
1.040000 0.250000 0.633745 0.355785 0.556772 0.289618 0.022369 0.011875 
0  0.995083 0.171435 1.575264 9232.806310 
1.040000 0.250000 0.633601 0.358175 0.551190 0.290787 0.020645 0.011862 
0  1.00824 0.174740 0.944267 1862.025836 
1.040000 0.250000 0.676122 0.357517 0.587229 0.290027 0.019851 0.011781 
0  1.03617 0.178675 1.170171 7354.044218 
1.040000 0.250000 1.067721 0.360222 0.960016 0.291910 0.026769 0.016972 
0  0.982096 0.164273 2.786064 26243.812163 
1.040000 0.250000 0.592559 0.350912 0.528352 0.286797 0.020872 0.011368 
0  0.987786 0.174358 3.035626 66205.127399 
1.040000 0.250000 0.611117 0.349696 0.540969 0.285987 0.020265 0.010803 
0  0.993192 0.174351 1.057459 1714.449575 
1.040000 0.250000 0.620600 0.367048 0.545135 0.295502 0.021025 0.010946 
0  0.982041 0.152693 0.962080 1897.287092 
1.040000 0.250000 0.595435 0.355565 0.528033 0.289139 0.021212 0.011680 
obs_intvl 15   time_err_sd 0.000010 
0  0.000184556 0.037978 0.292277 2854.519222 
1.080000 0.400000 0.427767 0.473801 0.324444 0.345065 0.000010 0.000010 
0  0.000187619 0.038417 0.386529 5708.719366 
1.080000 0.400000 0.441025 0.478654 0.335077 0.347747 0.000010 0.000010 
0  0.000192961 0.038222 0.280902 1408.246691 
1.080000 0.400000 0.442311 0.478021 0.335460 0.346857 0.000010 0.000010 
0  0.000192597 0.038786 0.220480 417.228713 
1.080000 0.400000 0.431720 0.466739 0.327927 0.342580 0.000010 0.000010 
0  0.000179298 0.038289 0.258286 1176.215332 
1.080000 0.400000 0.428512 0.466010 0.326549 0.342440 0.000010 0.000010 
0  0.000193961 0.038276 0.291029 1157.753519 
1.080000 0.400000 0.439206 0.482045 0.331591 0.348566 0.000010 0.000010 
0  0.000190946 0.037895 0.330282 981.217222 
1.080000 0.400000 0.423106 0.472997 0.323346 0.344302 0.000010 0.000010 
0  0.000186091 0.038510 0.235390 472.195564 
1.080000 0.400000 0.418441 0.474245 0.319643 0.345524 0.000010 0.000010 
0  0.000185503 0.038415 0.294797 2343.622241 
1.080000 0.400000 0.432643 0.476640 0.327916 0.346695 0.000010 0.000010 
0  0.000186207 0.037915 0.236245 420.703123 
1.080000 0.400000 0.444433 0.493670 0.331314 0.354374 0.000010 0.000010 
obs_intvl 15   time_err_sd 0.012500 
0  0.230354 0.044299 0.380307 2854.519413 
1.080000 1000000.000000 0.460005 0.467381 0.353322 0.339992 0.009243 0.007285 
0  0.234034 0.044070 0.488994 5708.719390 
1.080000 1000000.000000 0.479917 0.470509 0.369856 0.341417 0.009815 0.007134 
0  0.240878 0.044818 0.318954 477.668550 
1.080000 1000000.000000 0.470328 0.470438 0.363676 0.340959 0.009496 0.007378 
0  0.240351 0.045111 0.498421 5556.273178 
1.080000 1000000.000000 0.467008 0.459092 0.360881 0.336698 0.009582 0.007404 
0  0.223786 0.043688 0.324655 1723.499501 
1.080000 1000000.000000 0.450291 0.457847 0.350053 0.335793 0.009034 0.006928 
0  0.242011 0.045100 0.294800 413.279429 
1.080000 1000000.000000 0.478596 0.474580 0.367222 0.342615 0.010019 0.007293 
0  0.238181 0.044481 0.389640 925.934281 
1.080000 1000000.000000 0.448347 0.465311 0.347469 0.338163 0.009833 0.007781 
0  0.232077 0.043928 0.323549 679.372486 
1.080000 1000000.000000 0.447166 0.466470 0.346118 0.339505 0.009370 0.007371 
0  0.231685 0.044433 0.391258 2343.622242 
1.080000 1000000.000000 0.456953 0.468937 0.352184 0.340786 0.009601 0.007231 
0  0.232414 0.043455 0.347763 1596.397719 
1.080000 1000000.000000 0.465073 0.485165 0.352118 0.347957 0.009613 0.007264 
obs_intvl 15   time_err_sd 0.025000 
0  0.458473 0.066708 0.573109 2854.519413 
1.080000 1000000.000000 0.528131 0.467598 0.415090 0.339937 0.013908 0.008863 
0  0.465235 0.066527 0.445504 1240.960946 
1.080000 1000000.000000 0.566150 0.472532 0.448608 0.342415 0.015067 0.008544 
0  0.479495 0.066365 0.593002 3508.118238 
1.080000 1000000.000000 0.540888 0.471843 0.430314 0.341526 0.014700 0.008858 
0  0.478408 0.068831 0.654963 4413.108068 
1.080000 1000000.000000 0.541627 0.460202 0.429394 0.336903 0.014522 0.008913 
0  0.445502 0.064392 0.796589 7200.965378 
1.080000 1000000.000000 0.521555 0.459346 0.417307 0.336490 0.013709 0.008371 
0  0.481287 0.070895 0.609270 5579.634741 
1.080000 1000000.000000 0.560623 0.477866 0.441879 0.344387 0.015406 0.008839 
0  0.473476 0.067482 1.214681 23895.722763 
1.080000 1000000.000000 0.521765 0.465900 0.411666 0.338361 0.014730 0.009424 
0  0.461459 0.065523 0.493630 1638.986448 
1.080000 1000000.000000 0.516208 0.468498 0.409107 0.340201 0.014183 0.008900 
0  0.461595 0.067001 0.769786 8857.896331 
1.080000 1000000.000000 0.522510 0.470921 0.415338 0.341458 0.014339 0.008724 
0  0.462765 0.064278 0.587097 2108.048007 
1.080000 1000000.000000 0.540330 0.486865 0.418854 0.348536 0.014632 0.008719 
obs_intvl 15   time_err_sd 0.050000 
0  0.899851 0.131647 1.381771 12414.658379 
1.080000 0.250000 0.736809 0.493490 0.599341 0.358836 0.022939 0.012390 
0  0.927389 0.134723 1.121369 3857.789046 
1.080000 0.250000 0.862572 0.499056 0.704203 0.361030 0.025002 0.013403 
0  0.903688 0.119843 1.121809 6040.482596 
1.080000 0.250000 0.750203 0.497056 0.615410 0.360091 0.022856 0.012544 
0  0.88705 0.120265 0.979203 2886.971443 
1.080000 0.250000 0.734417 0.485859 0.603711 0.355470 0.022541 0.011877 
0  0.882656 0.126554 1.457054 16812.049059 
1.080000 0.250000 0.701795 0.485438 0.583774 0.355237 0.022417 0.012302 
0  0.895169 0.121013 1.079009 2684.061392 
1.080000 0.250000 0.755067 0.501512 0.612632 0.362116 0.023054 0.012569 
0  0.910605 0.133375 1.646531 16251.101039 
1.080000 0.250000 0.742581 0.493140 0.607460 0.357963 0.022673 0.012247 
0  0.847485 0.118916 1.427881 11575.556377 
1.080000 0.250000 0.689784 0.493954 0.566950 0.358457 0.022611 0.011057 
0  0.881774 0.126210 1.353907 8850.282546 
1.080000 0.250000 0.729552 0.495747 0.599127 0.359932 0.024115 0.011747 
0  0.909929 0.121829 1.081155 6445.277014 
1.080000 0.250000 0.739852 0.512638 0.597366 0.366871 0.023617 0.012805 
obs_intvl 15   time_err_sd 0.100000 
0  1.35389 0.225754 6.094302 150154.538737 
1.080000 0.125000 0.998792 0.538233 0.852213 0.390596 0.034046 0.022052 
0  1.35312 0.236728 1.581436 6867.486740 
1.080000 0.125000 1.047153 0.542333 0.874462 0.392961 0.034033 0.022206 
0  1.37674 0.213127 1.581521 3756.007918 
1.080000 0.125000 1.050704 0.540365 0.880161 0.391327 0.034838 0.022211 
0  1.3243 0.218364 2.098334 28594.778835 
1.080000 0.125000 1.047912 0.530490 0.874733 0.388679 0.035434 0.021689 
0  1.29712 0.207845 2.707538 29562.733852 
1.080000 0.125000 1.003638 0.531237 0.850339 0.387869 0.032862 0.020808 
0  1.36431 0.220539 6.921782 219767.382835 
1.080000 0.125000 1.032886 0.546658 0.874140 0.393588 0.035448 0.022478 
0  1.34147 0.214524 5.258075 145894.296619 
1.080000 0.125000 1.041444 0.536859 0.873449 0.389721 0.033133 0.022423 
0  1.35077 0.217215 5.767513 151948.475376 
1.080000 0.125000 1.000046 0.537492 0.843163 0.390029 0.033259 0.021672 
0  1.34237 0.219113 1.135637 1039.062667 
1.080000 0.125000 1.009016 0.539074 0.844406 0.391538 0.032807 0.021385 
0  1.36323 0.213963 2.245886 31366.481682 
1.080000 0.125000 1.080158 0.556940 0.903410 0.399089 0.037466 0.021932 
obs_intvl 30   time_err_sd 0.000010 
0  0.000186586 0.038225 0.237010 415.081693 
1.160000 0.400000 0.803927 0.870767 0.466409 0.468198 0.000010 0.000010 
0  0.000186377 0.038538 0.260335 581.228252 
1.160000 0.400000 0.848731 0.884016 0.482533 0.470733 0.000010 0.000010 
0  0.000193247 0.038292 0.256731 911.654204 
1.160000 0.400000 0.847089 0.875989 0.489035 0.468703 0.000010 0.000010 
0  0.000192501 0.038309 0.342455 2343.622242 
1.160000 0.400000 0.872923 0.900475 0.495043 0.474954 0.000010 0.000010 
0  0.000180803 0.038311 0.268326 2606.065595 
1.160000 0.400000 0.835626 0.878978 0.478379 0.469434 0.000010 0.000010 
0  0.00019507 0.037937 0.306814 2980.851549 
1.160000 0.400000 0.876953 0.895005 0.498983 0.473406 0.000010 0.000010 
0  0.000193024 0.038303 0.230266 234.522430 
1.160000 0.400000 0.841226 0.892922 0.477987 0.472514 0.000010 0.000010 
0  0.000184753 0.038505 0.244677 667.843970 
1.160000 0.400000 0.826221 0.887448 0.473325 0.472061 0.000010 0.000010 
0  0.000184009 0.038644 0.257800 1077.943314 
1.160000 0.400000 0.818813 0.860636 0.477064 0.464520 0.000010 0.000010 
0  0.000186199 0.038179 0.239427 378.969432 
1.160000 0.400000 0.825400 0.886711 0.471408 0.471163 0.000010 0.000010 
obs_intvl 30   time_err_sd 0.012500 
0  0.232721 0.044062 0.284159 347.797323 
1.160000 0.400000 0.836513 0.869506 0.497494 0.467845 0.012612 0.007803 
0  0.232622 0.043691 1.766277 49923.568648 
1.160000 0.400000 0.868257 0.883655 0.508169 0.470765 0.012805 0.007706 
0  0.241091 0.044184 0.322249 911.654124 
1.160000 0.400000 0.859512 0.876911 0.508560 0.468704 0.012883 0.007583 
0  0.23993 0.044255 0.389257 1456.764673 
1.160000 0.400000 0.921521 0.901331 0.536418 0.475361 0.013630 0.007542 
0  0.225708 0.043650 0.401824 2606.066322 
1.160000 0.400000 0.868683 0.880707 0.506009 0.469858 0.012436 0.007398 
0  0.243674 0.045019 0.334198 745.949099 
1.160000 0.400000 0.916965 0.896231 0.540563 0.473366 0.013404 0.007665 
0  0.240894 0.044194 0.447843 2826.987983 
1.160000 0.400000 0.880576 0.893294 0.512643 0.472582 0.013114 0.007269 
0  0.230559 0.044268 0.443618 4242.708260 
1.160000 0.400000 0.849951 0.890055 0.502133 0.472727 0.012375 0.007389 
0  0.22962 0.044569 0.314815 1077.943313 
1.160000 0.400000 0.843653 0.863394 0.506545 0.465127 0.012324 0.007191 
0  0.23252 0.043990 0.790954 18692.798619 
1.160000 0.400000 0.858023 0.886037 0.503975 0.471079 0.012141 0.007340 
obs_intvl 30   time_err_sd 0.025000 
0  0.462831 0.065747 0.597769 3364.607643 
1.160000 0.400000 0.913764 0.873306 0.571704 0.469031 0.018987 0.009654 
0  0.462733 0.064993 1.168243 18458.319106 
1.160000 0.400000 0.980095 0.888417 0.608580 0.472528 0.020022 0.009591 
0  0.479512 0.067555 0.547010 1170.885608 
1.160000 0.400000 0.933524 0.881254 0.585931 0.469763 0.019907 0.009320 
0  0.476772 0.067997 0.684938 3710.812021 
1.160000 0.400000 1.042018 0.902038 0.641790 0.475388 0.021147 0.009408 
0  0.449351 0.061550 0.421890 733.080022 
1.160000 0.400000 0.944630 0.884094 0.578458 0.470375 0.019093 0.009222 
0  0.485376 0.072030 0.710541 6139.282013 
1.160000 0.400000 1.018001 0.897361 0.632517 0.473855 0.021174 0.009502 
0  0.479248 0.069080 0.494098 1377.386202 
1.160000 0.400000 0.964571 0.895108 0.596674 0.472446 0.020420 0.009152 
0  0.458791 0.064223 0.647451 2927.038657 
1.160000 0.400000 0.958690 0.892574 0.596874 0.472752 0.020311 0.009090 
0  0.456884 0.067637 0.488295 1266.297162 
1.160000 0.400000 0.957666 0.864761 0.607386 0.465558 0.019433 0.008743 
0  0.463312 0.067563 0.551405 1383.551417 
1.160000 0.400000 0.952172 0.889481 0.585604 0.472181 0.019214 0.009074 
obs_intvl 30   time_err_sd 0.050000 
0  0.907347 0.123245 1.266219 6879.166413 
1.320000 0.400000 1.177572 1.016493 0.804058 0.509646 0.030673 0.015461 
0  0.905629 0.121896 1.121220 4619.955919 
1.320000 0.400000 1.228740 1.028904 0.836625 0.512209 0.032455 0.014383 
0  0.939214 0.125589 1.798784 16211.288845 
1.320000 0.400000 1.205794 1.027324 0.833483 0.511322 0.032504 0.014659 
0  0.933596 0.129632 1.175446 4829.297249 
1.320000 0.400000 1.273605 1.045697 0.859145 0.514932 0.032804 0.015516 
0  0.882202 0.116884 1.115574 3411.852096 
1.320000 0.400000 1.186229 1.028697 0.798745 0.511150 0.031356 0.014705 
0  0.952355 0.137914 2.638373 45265.085706 
1.320000 0.400000 1.270053 1.039502 0.872609 0.514301 0.034031 0.015961 
0  0.938924 0.128445 1.263935 4998.631588 
1.320000 0.400000 1.228754 1.039347 0.838299 0.513709 0.033449 0.015050 
0  0.899959 0.122120 3.899190 85147.716131 
1.320000 0.400000 1.188608 1.035058 0.803681 0.513229 0.031423 0.014891 
0  0.896407 0.128955 0.993878 4332.354840 
1.320000 0.400000 1.151215 1.007949 0.797020 0.506670 0.030214 0.013742 
0  0.911628 0.126762 1.039631 2185.908116 
1.320000 0.400000 1.193286 1.034879 0.812414 0.512531 0.031473 0.014482 
obs_intvl 30   time_err_sd 0.100000 
0  1.71763 0.264792 2.803290 24838.710151 
1.320000 0.125000 1.753663 1.105761 1.315702 0.558842 0.061407 0.048803 
0  1.70528 0.266101 1.955499 5471.120954 
1.320000 0.125000 1.745799 1.116173 1.323832 0.560615 0.063430 0.049731 
0  1.69889 0.244164 3.091871 41665.788737 
1.320000 0.125000 1.751816 1.115110 1.327372 0.560403 0.062469 0.049402 
0  1.66222 0.236427 2.023815 8752.565785 
1.320000 0.125000 1.757961 1.134191 1.298908 0.563553 0.060775 0.048276 
0  1.66783 0.241624 1.607855 2263.741918 
1.320000 0.125000 1.705406 1.115893 1.276189 0.559326 0.059202 0.046680 
0  1.67835 0.239542 2.173428 13048.457632 
1.320000 0.125000 1.728287 1.117035 1.296735 0.561222 0.060007 0.047712 
0  1.72852 0.260846 2.046252 3733.518465 
1.320000 0.125000 1.758794 1.124191 1.316689 0.561391 0.061262 0.050731 
0  1.61757 0.243208 2.005423 7579.039613 
1.320000 0.125000 1.705517 1.121464 1.279826 0.561193 0.058804 0.041895 
0  1.66515 0.248198 1.718280 7293.548557 
1.320000 0.125000 1.704219 1.100268 1.297126 0.557032 0.059489 0.045304 
0  1.71387 0.248879 2.174752 7698.957757 
1.320000 0.125000 1.759963 1.120504 1.311442 0.561746 0.064515 0.051536 
obs_intvl 30   time_err_sd 0.200000 
0  2.46203 0.440907 2.891166 12232.076319 
1.640000 0.125000 2.301332 1.333416 1.890438 0.612595 0.104536 0.098973 
0  2.47399 0.451252 4.048387 26553.735969 
1.640000 0.125000 2.340367 1.345077 1.906884 0.614807 0.106075 0.102669 
0  2.44428 0.425564 3.219821 11883.793769 
1.640000 0.125000 2.283434 1.349713 1.879591 0.614730 0.103778 0.097387 
0  2.42376 0.423439 2.984901 4100.305669 
1.640000 0.125000 2.315662 1.362730 1.873412 0.617057 0.103406 0.098874 
0  2.3706 0.417151 4.078238 34828.466274 
1.640000 0.125000 2.243457 1.345004 1.826577 0.614604 0.097328 0.093301 
0  2.454 0.434825 3.616703 18206.597579 
1.640000 0.125000 2.356221 1.355213 1.925920 0.616607 0.107149 0.101315 
0  2.43247 0.422839 13.928020 398587.246890 
1.640000 0.125000 2.289667 1.346368 1.860792 0.614814 0.100241 0.096309 
0  2.44471 0.428821 3.518854 21848.300202 
1.640000 0.125000 2.345142 1.353661 1.897225 0.615479 0.106785 0.100246 
0  2.42689 0.434003 2.250306 2969.914020 
1.640000 0.125000 2.230456 1.336768 1.851209 0.613100 0.101631 0.099082 
0  2.41443 0.435487 2.932395 17967.462880 
1.640000 0.125000 2.316744 1.350595 1.895725 0.615605 0.105031 0.097731 
obs_intvl 60   time_err_sd 0.000010 
0  0.000187172 0.038140 0.287800 919.271540 
1.320000 0.250000 1.877658 2.081331 0.719329 0.687600 0.000010 0.000010 
0  0.000186367 0.038443 0.299593 2980.851382 
1.320000 0.250000 1.923661 2.058606 0.736303 0.684615 0.000010 0.000010 
0  0.000195671 0.038069 0.274336 2003.170098 
1.320000 0.250000 1.878997 2.074115 0.726295 0.687060 0.000010 0.000010 
0  0.000195509 0.038691 0.238357 515.645148 
1.320000 0.250000 1.851386 2.039427 0.721920 0.682592 0.000010 0.000010 
0  0.000183516 0.038601 0.325007 3709.099070 
1.320000 0.250000 1.855058 2.041961 0.715809 0.683027 0.000010 0.000010 
0  0.000191032 0.038033 0.236114 565.036555 
1.320000 0.250000 1.846206 2.017212 0.719709 0.681161 0.000010 0.000010 
0  0.000186822 0.038186 0.313197 1069.354886 
1.320000 0.250000 1.868634 2.034258 0.721161 0.683590 0.000010 0.000010 
0  0.000186309 0.038118 0.271960 1104.996768 
1.320000 0.250000 1.882672 2.058493 0.727053 0.685538 0.000010 0.000010 
0  0.00018458 0.037956 0.337431 2977.799370 
1.320000 0.250000 1.850603 2.035374 0.711022 0.682639 0.000010 0.000010 
0  0.000186202 0.038132 0.321465 4129.327375 
1.320000 0.250000 1.887570 2.054021 0.727198 0.684615 0.000010 0.000010 
obs_intvl 60   time_err_sd 0.012500 
0  0.233734 0.043928 0.487985 3550.916508 
1.320000 0.250000 1.909140 2.075650 0.751198 0.687730 0.021078 0.008092 
0  0.232499 0.043753 0.383144 2980.851464 
1.320000 0.250000 1.925507 2.057578 0.759919 0.684915 0.020941 0.008928 
0  0.244202 0.044399 0.539077 6626.741639 
1.320000 0.250000 1.883459 2.071321 0.753004 0.686732 0.021128 0.008805 
0  0.244091 0.045373 0.345582 2016.066268 
1.320000 0.250000 1.885915 2.046687 0.753222 0.682695 0.021202 0.008727 
0  0.228876 0.043969 0.400370 3709.097466 
1.320000 0.250000 1.879474 2.039687 0.743143 0.682762 0.020850 0.008421 
0  0.238434 0.045071 0.506443 3657.712455 
1.320000 0.250000 1.864783 2.024321 0.749800 0.681732 0.021074 0.008892 
0  0.233182 0.044001 0.392960 1863.532215 
1.320000 0.250000 1.901451 2.037561 0.756442 0.683750 0.020564 0.008387 
0  0.232664 0.044366 1.058594 30295.179628 
1.320000 0.250000 1.897147 2.060544 0.752342 0.686134 0.021191 0.008562 
0  0.230509 0.044142 0.724952 9730.417693 
1.320000 0.250000 1.876493 2.034205 0.742434 0.682544 0.020674 0.008608 
0  0.232534 0.044208 0.399913 4129.328365 
1.320000 0.250000 1.895190 2.056134 0.746082 0.684171 0.020468 0.008674 
obs_intvl 60   time_err_sd 0.025000 
0  0.465547 0.066043 0.504654 632.068573 
1.320000 0.250000 1.936941 2.077398 0.816648 0.687693 0.031983 0.010822 
0  0.462322 0.066276 0.602782 2980.851464 
1.320000 0.250000 1.957644 2.061102 0.823802 0.685334 0.032363 0.011939 
0  0.485772 0.067542 0.588906 1744.769007 
1.320000 0.250000 1.908908 2.075159 0.823943 0.687656 0.033445 0.011673 
0  0.485932 0.067769 0.637671 2382.018754 
1.320000 0.250000 1.932999 2.044096 0.827328 0.683002 0.033332 0.011647 
0  0.454714 0.063626 0.759434 12710.349330 
1.320000 0.250000 1.918066 2.034699 0.809090 0.682098 0.031663 0.011706 
0  0.474691 0.069724 0.531335 1557.231889 
1.320000 0.250000 1.898000 2.019008 0.820525 0.681915 0.032411 0.011992 
0  0.464358 0.068394 0.775984 5019.233859 
1.320000 0.250000 1.951708 2.033996 0.837070 0.683723 0.032136 0.011679 
0  0.463443 0.067203 0.845287 15119.575914 
1.320000 0.250000 1.945858 2.056902 0.824165 0.685887 0.033054 0.011668 
0  0.459478 0.068535 0.809572 6461.633687 
1.320000 0.250000 1.904008 2.037112 0.812071 0.682986 0.031149 0.011694 
0  0.463399 0.066489 0.648092 4129.328365 
1.320000 0.250000 1.948636 2.052826 0.824318 0.684750 0.032234 0.011587 
obs_intvl 60   time_err_sd 0.050000 
0  0.914301 0.123831 1.040227 3588.857004 
1.320000 0.175000 2.087011 2.105128 1.036043 0.701641 0.044864 0.018387 
0  0.905163 0.126726 1.061108 1736.930351 
1.320000 0.175000 2.094296 2.093504 1.030548 0.699607 0.046004 0.018293 
0  0.950541 0.128797 0.894224 1139.126240 
1.320000 0.175000 2.078296 2.104234 1.054703 0.701743 0.048088 0.019242 
0  0.952838 0.130853 1.226352 6693.766221 
1.320000 0.175000 2.088231 2.067546 1.057793 0.697085 0.047174 0.018902 
0  0.888004 0.117717 1.232020 6427.259644 
1.320000 0.175000 2.032882 2.070287 1.009347 0.697507 0.044795 0.019150 
0  0.932637 0.132974 1.888968 25952.283612 
1.320000 0.175000 2.024691 2.057164 1.032059 0.697025 0.045953 0.019089 
0  0.912733 0.129788 1.060945 3891.848015 
1.320000 0.175000 2.087908 2.066762 1.049814 0.698171 0.044979 0.019123 
0  0.910398 0.127575 1.525222 10690.799732 
1.320000 0.175000 2.064578 2.089106 1.033065 0.700278 0.045870 0.018514 
0  0.904887 0.127887 1.345319 17807.041283 
1.320000 0.175000 2.027656 2.066335 1.013561 0.698059 0.044775 0.017894 
0  0.912437 0.123858 1.261452 8426.363864 
1.320000 0.175000 2.076116 2.082898 1.031735 0.698866 0.045748 0.018287 
obs_intvl 60   time_err_sd 0.100000 
0  1.70657 0.237149 2.225867 12587.155271 
1.320000 0.150000 2.439703 2.096080 1.516982 0.707799 0.071297 0.054488 
0  1.68858 0.248307 2.664834 20662.519596 
1.320000 0.150000 2.421433 2.096994 1.512385 0.707907 0.073471 0.049146 
0  1.76138 0.249349 1.442950 1653.124280 
1.320000 0.150000 2.458012 2.089406 1.569117 0.707915 0.076211 0.054480 
0  1.77493 0.256652 2.085983 12042.953185 
1.320000 0.150000 2.476276 2.070551 1.573298 0.704220 0.076610 0.056398 
0  1.64907 0.231758 1.923321 6450.587405 
1.320000 0.150000 2.383991 2.066180 1.475312 0.704767 0.072306 0.052394 
0  1.74757 0.266004 1.897686 5801.650868 
1.320000 0.150000 2.376031 2.058715 1.539817 0.704033 0.076099 0.057326 
0  1.70871 0.253951 1.672184 3215.145222 
1.320000 0.150000 2.442865 2.061832 1.532240 0.705471 0.074324 0.055911 
0  1.70337 0.250793 2.089047 6503.759803 
1.320000 0.150000 2.422751 2.094192 1.523416 0.708237 0.073036 0.053140 
0  1.70348 0.253920 2.721032 29943.487840 
1.320000 0.150000 2.384623 2.073139 1.510076 0.705732 0.072938 0.051098 
0  1.71613 0.246349 6.508211 144585.533211 
1.320000 0.150000 2.451737 2.074916 1.532231 0.705661 0.073607 0.053015 
obs_intvl 60   time_err_sd 0.200000 
0  2.84937 0.511405 4.068590 12294.100236 
1.640000 0.150000 3.088279 2.379365 2.380347 0.742602 0.166416 0.162185 
0  2.87063 0.517123 4.384074 11263.665548 
1.640000 0.150000 3.082839 2.376891 2.414505 0.741687 0.166754 0.161901 
0  2.82223 0.487539 5.628254 43816.940227 
1.640000 0.150000 3.043145 2.389184 2.370697 0.743321 0.164306 0.161360 
0  2.79743 0.478150 6.819956 110665.089220 
1.640000 0.150000 3.045176 2.345609 2.326875 0.738569 0.159368 0.154363 
0  2.7726 0.473916 3.654205 11425.966199 
1.640000 0.150000 3.026137 2.364009 2.324916 0.740966 0.157953 0.156867 
0  2.78227 0.480948 7.741482 152478.881450 
1.640000 0.150000 2.977794 2.348434 2.305167 0.738671 0.158415 0.155856 
0  2.87787 0.511174 3.978550 21383.799238 
1.640000 0.150000 3.051856 2.356498 2.394560 0.740361 0.163584 0.163537 
0  2.67371 0.465375 4.771067 63024.075818 
1.640000 0.150000 2.968534 2.392598 2.266212 0.743001 0.152431 0.146056 
0  2.78114 0.484452 3.690523 9564.071404 
1.640000 0.150000 2.999879 2.344851 2.337690 0.739414 0.159456 0.152774 
0  2.85768 0.490758 3.804133 16571.162247 
1.640000 0.150000 3.091978 2.354485 2.392100 0.739473 0.164760 0.162351 
