correction_method 12   obs_discard_width 10 
CAREFUL: DELTA_T 0.01  MODEL_SIZE 40  FORCING 8  ENSEMBLE SIZE 80 
CAREFUL: num_times 1100  skipping 100  obs_err_var 1.0  
obs_intvl 5   time_err_sd 0.000010 
0  0.000189842 0.038498 0.216476 293.062222 
1.000000 1000000.000000 0.199617 0.193415 0.182146 0.176013 0.000010 0.000010 
0  0.000183114 0.038008 0.333174 1696.198034 
1.000000 1000000.000000 0.212226 0.196049 0.193946 0.177762 0.000010 0.000010 
0  0.000192564 0.038557 0.382482 1976.585284 
1.000000 1000000.000000 0.230140 0.194706 0.209778 0.177035 0.000010 0.000010 
0  0.000194934 0.037939 0.258616 940.260245 
1.000000 1000000.000000 0.204539 0.194901 0.185942 0.177177 0.000010 0.000010 
0  0.000175963 0.037242 0.217285 250.420262 
1.000000 1000000.000000 0.201886 0.199515 0.183913 0.180637 0.000010 0.000010 
0  0.000196006 0.038393 0.236009 830.804865 
1.000000 1000000.000000 0.203786 0.186005 0.187441 0.170104 0.000010 0.000010 
0  0.000190199 0.038240 1.301313 43203.405541 
1.000000 1000000.000000 0.209182 0.191393 0.191854 0.174211 0.000010 0.000010 
0  0.000183887 0.038951 0.525310 10407.637593 
1.000000 1000000.000000 0.207068 0.193676 0.188841 0.176253 0.000010 0.000010 
0  0.000182931 0.038372 0.427766 5708.718761 
1.000000 1000000.000000 0.213568 0.194083 0.194468 0.176417 0.000010 0.000010 
0  0.000190883 0.038246 0.320622 911.459481 
1.000000 1000000.000000 0.201101 0.195275 0.184086 0.177324 0.000010 0.000010 
obs_intvl 5   time_err_sd 0.012500 
0  0.236877 0.043936 0.295937 611.821336 
1.000000 0.400000 0.207164 0.201264 0.189898 0.183235 0.007435 0.007157 
0  0.228292 0.043047 0.389582 1374.504576 
1.000000 0.400000 0.223230 0.204456 0.205356 0.185475 0.007664 0.007053 
0  0.240511 0.045447 0.948008 23960.592657 
1.000000 0.400000 0.230964 0.202468 0.211093 0.184189 0.007778 0.007267 
0  0.243144 0.045506 2.726913 89205.319641 
1.000000 0.400000 0.218656 0.201929 0.199703 0.183681 0.008241 0.007557 
0  0.219563 0.042174 0.403306 4563.149059 
1.000000 0.400000 0.210710 0.207761 0.193483 0.188119 0.007825 0.007357 
0  0.244682 0.045358 0.340558 1095.222835 
1.000000 0.400000 0.208699 0.194011 0.192628 0.177515 0.007886 0.007476 
0  0.23713 0.044465 1.402681 43203.575398 
1.000000 0.400000 0.216127 0.199734 0.198639 0.181821 0.007522 0.007104 
0  0.229271 0.044485 0.655074 10407.643749 
1.000000 0.400000 0.210164 0.200479 0.192725 0.182585 0.007856 0.007406 
0  0.228255 0.044948 0.537572 5708.719390 
1.000000 0.400000 0.218198 0.201893 0.199033 0.183590 0.007823 0.007284 
0  0.238326 0.043982 0.364351 803.992666 
1.000000 0.400000 0.214923 0.203243 0.197626 0.184707 0.007611 0.006864 
obs_intvl 5   time_err_sd 0.025000 
0  0.417833 0.068277 0.468206 2084.770966 
1.020000 1000000.000000 0.226449 0.223652 0.207820 0.201742 0.009383 0.008244 
0  0.416274 0.065043 0.529613 2891.457252 
1.020000 1000000.000000 0.244320 0.224206 0.224111 0.201844 0.009793 0.008212 
0  0.414888 0.068863 0.407881 854.258277 
1.020000 1000000.000000 0.240481 0.223111 0.222324 0.201086 0.009994 0.008359 
0  0.425902 0.066510 0.527895 2010.961401 
1.020000 1000000.000000 0.232945 0.224000 0.215043 0.201857 0.010364 0.008760 
0  0.39066 0.059959 0.474797 2049.387868 
1.020000 1000000.000000 0.228235 0.228334 0.209282 0.205051 0.009243 0.008457 
0  0.41737 0.068500 28.608650 1125390.409471 
1.020000 1000000.000000 0.214835 0.215146 0.199055 0.194953 0.009536 0.008438 
0  0.417987 0.067144 0.609331 2967.586335 
1.020000 1000000.000000 0.232926 0.222036 0.215879 0.200361 0.009376 0.007977 
0  0.397861 0.063141 0.452629 1370.166043 
1.020000 1000000.000000 0.228919 0.221562 0.211465 0.200073 0.009872 0.008404 
0  0.414999 0.065610 0.580866 2002.812894 
1.020000 1000000.000000 0.239481 0.222649 0.221219 0.200620 0.010069 0.008517 
0  0.419245 0.062138 0.668482 2015.969791 
1.020000 1000000.000000 0.229916 0.224984 0.211440 0.202728 0.009519 0.008010 
obs_intvl 5   time_err_sd 0.050000 
0  0.524278 0.090736 0.606899 1475.933691 
1.020000 1000000.000000 0.231211 0.223439 0.213800 0.201672 0.009400 0.008391 
0  0.498671 0.083936 0.754387 7921.861005 
1.020000 1000000.000000 0.238607 0.226377 0.219458 0.203611 0.010227 0.008719 
0  0.507563 0.086704 0.949440 8789.012746 
1.020000 1000000.000000 0.241640 0.224574 0.224068 0.202549 0.011044 0.008742 
0  0.501879 0.086042 0.650326 2607.119720 
1.020000 1000000.000000 0.235609 0.224352 0.218156 0.202236 0.010361 0.008461 
0  0.498571 0.085029 0.659928 2839.968412 
1.020000 1000000.000000 0.246564 0.227991 0.228267 0.204793 0.010741 0.008714 
0  0.520098 0.093140 0.850530 9938.514393 
1.020000 1000000.000000 0.240603 0.215622 0.224350 0.195410 0.010797 0.008852 
0  0.499 0.084866 0.547578 2664.476801 
1.020000 1000000.000000 0.234663 0.221706 0.216769 0.200126 0.010035 0.008570 
0  0.510299 0.088066 1.162773 16760.294988 
1.020000 1000000.000000 0.256535 0.223922 0.238271 0.202134 0.010700 0.008685 
0  0.498256 0.085932 0.758361 6793.123192 
1.020000 1000000.000000 0.239879 0.223314 0.221383 0.201266 0.010170 0.008781 
0  0.497264 0.081058 0.720320 2236.206347 
1.020000 1000000.000000 0.236659 0.223982 0.217236 0.201839 0.009736 0.008265 
obs_intvl 10   time_err_sd 0.000010 
0  0.000185138 0.038451 0.279531 1976.585759 
1.040000 1000000.000000 0.327736 0.339147 0.273189 0.275308 0.000010 0.000010 
0  0.000183521 0.037818 0.278681 2854.519474 
1.040000 1000000.000000 0.325906 0.339370 0.270773 0.275447 0.000010 0.000010 
0  0.000190328 0.038454 1.352062 43203.567187 
1.040000 1000000.000000 0.325070 0.333949 0.270663 0.272533 0.000010 0.000010 
0  0.000194514 0.037739 0.282265 1596.405860 
1.040000 1000000.000000 0.316395 0.339769 0.262857 0.275563 0.000010 0.000010 
0  0.000178242 0.038168 0.224211 356.157406 
1.040000 1000000.000000 0.314571 0.338700 0.262415 0.274514 0.000010 0.000010 
0  0.000196354 0.038381 0.308990 2751.961131 
1.040000 1000000.000000 0.328898 0.339436 0.273643 0.276021 0.000010 0.000010 
0  0.000189233 0.038765 0.735007 18920.356138 
1.040000 1000000.000000 0.323220 0.328532 0.269658 0.269304 0.000010 0.000010 
0  0.000184963 0.038467 0.290226 1655.861823 
1.040000 1000000.000000 0.304176 0.329314 0.254958 0.269870 0.000010 0.000010 
0  0.000183722 0.038162 0.488484 9335.388486 
1.040000 1000000.000000 0.331974 0.347035 0.275725 0.280176 0.000010 0.000010 
0  0.000186335 0.038445 0.231500 359.985159 
1.040000 1000000.000000 0.325704 0.335353 0.270058 0.273272 0.000010 0.000010 
obs_intvl 10   time_err_sd 0.012500 
0  0.231142 0.044812 0.339281 1976.585298 
1.040000 1000000.000000 0.339038 0.344990 0.285609 0.280617 0.008212 0.007107 
0  0.228822 0.043207 0.384551 2854.519413 
1.040000 1000000.000000 0.349501 0.344764 0.291932 0.280300 0.008681 0.007440 
0  0.237601 0.044325 1.398954 43203.575067 
1.040000 1000000.000000 0.342756 0.340054 0.288246 0.277868 0.008671 0.007086 
0  0.242565 0.045469 0.376592 1596.405838 
1.040000 1000000.000000 0.331886 0.344204 0.279714 0.279618 0.008260 0.007228 
0  0.2223 0.043503 0.319007 1331.960050 
1.040000 1000000.000000 0.329674 0.343423 0.278372 0.278916 0.008235 0.007090 
0  0.24512 0.045724 0.313410 477.273725 
1.040000 1000000.000000 0.344047 0.346095 0.288793 0.281813 0.008569 0.007339 
0  0.236281 0.044897 0.784317 17596.752332 
1.040000 1000000.000000 0.344371 0.334504 0.289835 0.274611 0.008502 0.007228 
0  0.23066 0.044351 0.354747 1655.861767 
1.040000 1000000.000000 0.320217 0.334870 0.270710 0.274689 0.008723 0.007452 
0  0.229287 0.044718 0.304165 506.296173 
1.040000 1000000.000000 0.349323 0.351639 0.291833 0.284389 0.008435 0.007321 
0  0.232591 0.044625 0.866068 21588.026839 
1.040000 1000000.000000 0.344389 0.341034 0.288169 0.278266 0.008215 0.006898 
obs_intvl 10   time_err_sd 0.025000 
0  0.460318 0.065697 0.971124 12999.068652 
1.040000 0.400000 0.370632 0.353693 0.314315 0.288057 0.010750 0.008529 
0  0.454679 0.065884 0.594152 2854.519413 
1.040000 0.400000 0.379252 0.354600 0.321197 0.288510 0.011782 0.008968 
0  0.47286 0.066510 2.483962 43203.575395 
1.040000 0.400000 0.374069 0.349263 0.319126 0.285367 0.011977 0.008424 
0  0.482024 0.067003 0.831935 9433.561217 
1.040000 0.400000 0.369284 0.353635 0.314645 0.287617 0.011274 0.008541 
0  0.441943 0.062798 0.741495 5851.176554 
1.040000 0.400000 0.359326 0.353122 0.307343 0.287018 0.011114 0.008512 
0  0.48798 0.070805 0.611449 4164.708143 
1.040000 0.400000 0.383260 0.355074 0.326514 0.289203 0.011982 0.008631 
0  0.470278 0.067986 0.683359 3442.637265 
1.040000 0.400000 0.367571 0.343630 0.314837 0.282105 0.011421 0.008578 
0  0.458539 0.064922 0.650598 1700.520732 
1.040000 0.400000 0.352520 0.344150 0.302649 0.282637 0.011690 0.008874 
0  0.456374 0.067758 0.450777 777.714753 
1.040000 0.400000 0.377592 0.361676 0.320140 0.292433 0.011546 0.008678 
0  0.463161 0.065990 0.495732 1138.924340 
1.040000 0.400000 0.380597 0.350363 0.322702 0.286117 0.011489 0.008170 
obs_intvl 10   time_err_sd 0.050000 
0  0.810051 0.128604 1.070527 4790.917214 
1.040000 0.400000 0.443991 0.356774 0.383485 0.290250 0.015453 0.009479 
0  0.821247 0.120019 1.182827 4178.605914 
1.040000 0.400000 0.443231 0.354678 0.383978 0.288670 0.014898 0.010138 
0  0.818659 0.126237 1.499936 21109.168834 
1.040000 0.400000 0.437405 0.350425 0.382887 0.286482 0.016283 0.010245 
0  0.837546 0.122883 0.907485 4100.830451 
1.040000 0.400000 0.460023 0.357249 0.398817 0.290333 0.016437 0.010275 
0  0.783937 0.117802 1.066398 7763.235449 
1.040000 0.400000 0.419393 0.352854 0.362586 0.287124 0.014460 0.009793 
0  0.848107 0.130910 1.047285 3015.501737 
1.040000 0.400000 0.460110 0.356474 0.398385 0.290371 0.015078 0.010261 
0  0.823758 0.127899 2.105935 33524.203342 
1.040000 0.400000 0.429277 0.344369 0.376091 0.283045 0.014979 0.009501 
0  0.782345 0.120076 0.992121 4483.388608 
1.040000 0.400000 0.427912 0.343003 0.371865 0.282257 0.014856 0.009946 
0  0.836622 0.129167 1.135609 9335.389624 
1.040000 0.400000 0.471888 0.362026 0.408683 0.293066 0.017228 0.010160 
0  0.813604 0.117028 1.195913 6648.816473 
1.040000 0.400000 0.444128 0.350500 0.388019 0.286296 0.015889 0.009957 
obs_intvl 10   time_err_sd 0.100000 
0  1.00683 0.175304 1.249349 6012.897300 
1.040000 0.400000 0.534210 0.356290 0.464344 0.289899 0.018506 0.011577 
0  0.981158 0.167542 1.915705 22533.616309 
1.040000 0.400000 0.522977 0.355382 0.454418 0.288870 0.017713 0.011318 
0  0.990316 0.163636 1.146187 4904.684673 
1.040000 0.400000 0.510417 0.350480 0.448300 0.286485 0.018977 0.010990 
0  0.995083 0.171435 1.575264 9232.806310 
1.040000 0.400000 0.535066 0.354222 0.463756 0.288514 0.017438 0.011139 
0  1.00824 0.174740 0.944267 1862.025836 
1.040000 0.400000 0.515621 0.353066 0.445125 0.287466 0.016108 0.010894 
0  1.03617 0.178675 1.170171 7354.044218 
1.040000 0.400000 0.528885 0.357556 0.460109 0.291124 0.017279 0.010950 
0  0.982096 0.164273 2.786064 26243.812163 
1.040000 0.400000 0.513780 0.345890 0.453384 0.283947 0.017843 0.010742 
0  0.987786 0.174358 3.035626 66205.127399 
1.040000 0.400000 0.485412 0.344337 0.429230 0.282743 0.016796 0.010228 
0  0.993192 0.174351 1.057459 1714.449575 
1.040000 0.400000 0.525785 0.362949 0.454014 0.293212 0.017141 0.010318 
0  0.982041 0.152693 0.962080 1897.287092 
1.040000 0.400000 0.492206 0.351271 0.433581 0.286833 0.017719 0.011122 
obs_intvl 15   time_err_sd 0.000010 
0  0.000184556 0.037978 0.292277 2854.519222 
1.080000 1000000.000000 0.428280 0.466020 0.324111 0.339216 0.000010 0.000010 
0  0.000187619 0.038417 0.386529 5708.719366 
1.080000 1000000.000000 0.446976 0.470799 0.338984 0.341756 0.000010 0.000010 
0  0.000192961 0.038222 0.280902 1408.246691 
1.080000 1000000.000000 0.442686 0.469392 0.335755 0.340505 0.000010 0.000010 
0  0.000192597 0.038786 0.220480 417.228713 
1.080000 1000000.000000 0.435997 0.457603 0.331788 0.335680 0.000010 0.000010 
0  0.000179298 0.038289 0.258286 1176.215332 
1.080000 1000000.000000 0.427916 0.458005 0.326946 0.336242 0.000010 0.000010 
0  0.000193961 0.038276 0.291029 1157.753519 
1.080000 1000000.000000 0.440502 0.473749 0.332224 0.342256 0.000010 0.000010 
0  0.000190946 0.037895 0.330282 981.217222 
1.080000 1000000.000000 0.422266 0.464487 0.323686 0.337876 0.000010 0.000010 
0  0.000186091 0.038510 0.235390 472.195564 
1.080000 1000000.000000 0.418187 0.464533 0.319188 0.338311 0.000010 0.000010 
0  0.000185503 0.038415 0.294797 2343.622241 
1.080000 1000000.000000 0.427562 0.468884 0.325033 0.340835 0.000010 0.000010 
0  0.000186207 0.037915 0.236245 420.703123 
1.080000 1000000.000000 0.437011 0.484318 0.327068 0.347295 0.000010 0.000010 
obs_intvl 15   time_err_sd 0.012500 
0  0.230354 0.044299 0.380307 2854.519413 
1.080000 0.400000 0.450519 0.482697 0.345734 0.352664 0.009108 0.007294 
0  0.234034 0.044070 0.488994 5708.719390 
1.080000 0.400000 0.470281 0.487560 0.361390 0.354985 0.009470 0.007130 
0  0.240878 0.044818 0.318954 477.668550 
1.080000 0.400000 0.461715 0.485772 0.355019 0.353667 0.009410 0.007340 
0  0.240351 0.045111 0.498421 5556.273178 
1.080000 0.400000 0.452913 0.474405 0.350738 0.349162 0.009343 0.007390 
0  0.223786 0.043688 0.324655 1723.499501 
1.080000 0.400000 0.444644 0.473777 0.344615 0.349022 0.008782 0.006919 
0  0.242011 0.045100 0.294800 413.279429 
1.080000 0.400000 0.468910 0.490991 0.359606 0.356089 0.009922 0.007297 
0  0.238181 0.044481 0.389640 925.934281 
1.080000 0.400000 0.438334 0.481126 0.340157 0.351122 0.009693 0.007770 
0  0.232077 0.043928 0.323549 679.372486 
1.080000 0.400000 0.439169 0.481753 0.338739 0.352064 0.009210 0.007345 
0  0.231685 0.044433 0.391258 2343.622242 
1.080000 0.400000 0.450411 0.485303 0.348201 0.353740 0.009390 0.007224 
0  0.232414 0.043455 0.347763 1596.397719 
1.080000 0.400000 0.461721 0.502696 0.349312 0.361914 0.009442 0.007276 
obs_intvl 15   time_err_sd 0.025000 
0  0.458473 0.066708 0.573109 2854.519413 
1.080000 1000000.000000 0.483566 0.477717 0.377976 0.348749 0.012495 0.008783 
0  0.465235 0.066527 0.445504 1240.960946 
1.080000 1000000.000000 0.513273 0.482392 0.403674 0.351423 0.013859 0.008570 
0  0.479495 0.066365 0.593002 3508.118238 
1.080000 1000000.000000 0.506878 0.481870 0.399831 0.350736 0.013552 0.008744 
0  0.478408 0.068831 0.654963 4413.108068 
1.080000 1000000.000000 0.485548 0.469534 0.383917 0.345623 0.012835 0.008777 
0  0.445502 0.064392 0.796589 7200.965378 
1.080000 1000000.000000 0.479769 0.470224 0.379637 0.346146 0.012355 0.008376 
0  0.481287 0.070895 0.609270 5579.634741 
1.080000 1000000.000000 0.518361 0.487193 0.407054 0.353340 0.013924 0.008731 
0  0.473476 0.067482 1.214681 23895.722763 
1.080000 1000000.000000 0.485784 0.476611 0.381482 0.347877 0.013490 0.009360 
0  0.461459 0.065523 0.493630 1638.986448 
1.080000 1000000.000000 0.480080 0.477645 0.376014 0.348769 0.013172 0.008829 
0  0.461595 0.067001 0.769786 8857.896331 
1.080000 1000000.000000 0.488097 0.479902 0.385943 0.349744 0.013306 0.008667 
0  0.462765 0.064278 0.587097 2108.048007 
1.080000 1000000.000000 0.500243 0.496515 0.386724 0.357724 0.013498 0.008665 
obs_intvl 15   time_err_sd 0.050000 
0  0.899851 0.131647 1.381771 12414.658379 
1.080000 0.400000 0.639958 0.490025 0.512412 0.358100 0.019996 0.011914 
0  0.927389 0.134723 1.121369 3857.789046 
1.080000 0.400000 0.730998 0.493094 0.587736 0.359725 0.021517 0.012468 
0  0.903688 0.119843 1.121809 6040.482596 
1.080000 0.400000 0.650219 0.492402 0.528655 0.359171 0.020127 0.011918 
0  0.88705 0.120265 0.979203 2886.971443 
1.080000 0.400000 0.600906 0.479867 0.490798 0.353686 0.018922 0.011269 
0  0.882656 0.126554 1.457054 16812.049059 
1.080000 0.400000 0.596384 0.479634 0.488332 0.353507 0.019113 0.011647 
0  0.895169 0.121013 1.079009 2684.061392 
1.080000 0.400000 0.643871 0.497277 0.516126 0.360931 0.019383 0.011875 
0  0.910605 0.133375 1.646531 16251.101039 
1.080000 0.400000 0.618340 0.488989 0.497374 0.357265 0.019290 0.011404 
0  0.847485 0.118916 1.427881 11575.556377 
1.080000 0.400000 0.580886 0.489482 0.475345 0.357593 0.019114 0.010444 
0  0.881774 0.126210 1.353907 8850.282546 
1.080000 0.400000 0.625366 0.490672 0.509960 0.358196 0.020660 0.011073 
0  0.909929 0.121829 1.081155 6445.277014 
1.080000 0.400000 0.626344 0.507445 0.500137 0.365522 0.020301 0.011875 
obs_intvl 15   time_err_sd 0.100000 
0  1.35389 0.225754 6.094302 150154.538737 
1.160000 0.250000 0.864242 0.572027 0.734949 0.404719 0.030809 0.019542 
0  1.35312 0.236728 1.581436 6867.486740 
1.160000 0.250000 0.858176 0.576229 0.718302 0.407055 0.030396 0.019174 
0  1.37674 0.213127 1.581521 3756.007918 
1.160000 0.250000 0.936259 0.574160 0.780282 0.405752 0.031568 0.020448 
0  1.3243 0.218364 2.098334 28594.778835 
1.160000 0.250000 0.877194 0.563173 0.733305 0.402087 0.030824 0.019345 
0  1.29712 0.207845 2.707538 29562.733852 
1.160000 0.250000 0.848609 0.564117 0.713659 0.402300 0.028717 0.018908 
0  1.36431 0.220539 6.921782 219767.382835 
1.160000 0.250000 0.914345 0.577450 0.760585 0.406562 0.032509 0.020485 
0  1.34147 0.214524 5.258075 145894.296619 
1.160000 0.250000 0.855219 0.569577 0.712968 0.403632 0.029181 0.018979 
0  1.35077 0.217215 5.767513 151948.475376 
1.160000 0.250000 0.870774 0.570958 0.727087 0.404226 0.030912 0.019393 
0  1.34237 0.219113 1.135637 1039.062667 
1.160000 0.250000 0.863268 0.573798 0.716637 0.406181 0.029025 0.019034 
0  1.36323 0.213963 2.245886 31366.481682 
1.160000 0.250000 0.982198 0.591314 0.815897 0.412803 0.034432 0.019970 
obs_intvl 30   time_err_sd 0.000010 
0  0.000186586 0.038225 0.237010 415.081693 
1.160000 0.400000 0.807813 0.871550 0.467619 0.468358 0.000010 0.000010 
0  0.000186377 0.038538 0.260335 581.228252 
1.160000 0.400000 0.856247 0.883482 0.485916 0.471129 0.000010 0.000010 
0  0.000193247 0.038292 0.256731 911.654204 
1.160000 0.400000 0.832312 0.876941 0.477764 0.469016 0.000010 0.000010 
0  0.000192501 0.038309 0.342455 2343.622242 
1.160000 0.400000 0.873396 0.901041 0.492064 0.474357 0.000010 0.000010 
0  0.000180803 0.038311 0.268326 2606.065595 
1.160000 0.400000 0.839886 0.880458 0.481727 0.469668 0.000010 0.000010 
0  0.00019507 0.037937 0.306814 2980.851549 
1.160000 0.400000 0.875872 0.895661 0.500513 0.473856 0.000010 0.000010 
0  0.000193024 0.038303 0.230266 234.522430 
1.160000 0.400000 0.871000 0.891141 0.499295 0.472056 0.000010 0.000010 
0  0.000184753 0.038505 0.244677 667.843970 
1.160000 0.400000 0.817836 0.888277 0.472765 0.471574 0.000010 0.000010 
0  0.000184009 0.038644 0.257800 1077.943314 
1.160000 0.400000 0.814248 0.862151 0.472825 0.464834 0.000010 0.000010 
0  0.000186199 0.038179 0.239427 378.969432 
1.160000 0.400000 0.828907 0.885939 0.472519 0.470913 0.000010 0.000010 
obs_intvl 30   time_err_sd 0.012500 
0  0.232721 0.044062 0.284159 347.797323 
1.160000 0.400000 0.838923 0.883700 0.499373 0.478087 0.012787 0.007789 
0  0.232622 0.043691 1.766277 49923.568648 
1.160000 0.400000 0.867716 0.897906 0.505814 0.481141 0.012622 0.007714 
0  0.241091 0.044184 0.322249 911.654124 
1.160000 0.400000 0.853209 0.891085 0.504551 0.479216 0.012795 0.007583 
0  0.23993 0.044255 0.389257 1456.764673 
1.160000 0.400000 0.910804 0.912694 0.529623 0.484135 0.013481 0.007535 
0  0.225708 0.043650 0.401824 2606.066322 
1.160000 0.400000 0.880303 0.894171 0.513787 0.480127 0.012403 0.007427 
0  0.243674 0.045019 0.334198 745.949099 
1.160000 0.400000 0.902129 0.909746 0.535193 0.483866 0.013245 0.007657 
0  0.240894 0.044194 0.447843 2826.987983 
1.160000 0.400000 0.881967 0.904961 0.516776 0.482329 0.012844 0.007296 
0  0.230559 0.044268 0.443618 4242.708260 
1.160000 0.400000 0.845191 0.903141 0.499093 0.482711 0.012317 0.007441 
0  0.22962 0.044569 0.314815 1077.943313 
1.160000 0.400000 0.844267 0.874706 0.505383 0.474847 0.012572 0.007191 
0  0.23252 0.043990 0.790954 18692.798619 
1.160000 0.400000 0.847314 0.901533 0.492588 0.481325 0.011945 0.007356 
obs_intvl 30   time_err_sd 0.025000 
0  0.462831 0.065747 0.597769 3364.607643 
1.160000 0.400000 0.890404 0.891300 0.547146 0.484421 0.018790 0.009572 
0  0.462733 0.064993 1.168243 18458.319106 
1.160000 0.400000 0.930585 0.907306 0.564230 0.487602 0.018720 0.009437 
0  0.479512 0.067555 0.547010 1170.885608 
1.160000 0.400000 0.913778 0.900448 0.564119 0.485699 0.018791 0.009367 
0  0.476772 0.067997 0.684938 3710.812021 
1.160000 0.400000 0.992028 0.921162 0.606819 0.490997 0.020356 0.009331 
0  0.449351 0.061550 0.421890 733.080022 
1.160000 0.400000 0.905254 0.902844 0.548790 0.485275 0.018363 0.009181 
0  0.485376 0.072030 0.710541 6139.282013 
1.160000 0.400000 0.968350 0.918312 0.593367 0.490226 0.020132 0.009553 
0  0.479248 0.069080 0.494098 1377.386202 
1.160000 0.400000 0.929082 0.914607 0.565263 0.489301 0.019454 0.008968 
0  0.458791 0.064223 0.647451 2927.038657 
1.160000 0.400000 0.894143 0.910767 0.545277 0.489244 0.017993 0.009075 
0  0.456884 0.067637 0.488295 1266.297162 
1.160000 0.400000 0.880371 0.885037 0.549618 0.481431 0.018262 0.008705 
0  0.463312 0.067563 0.551405 1383.551417 
1.160000 0.400000 0.900587 0.911222 0.546461 0.488537 0.017763 0.008950 
obs_intvl 30   time_err_sd 0.050000 
0  0.907347 0.123245 1.266219 6879.166413 
1.320000 0.250000 1.083624 1.055542 0.713662 0.542293 0.028151 0.014385 
0  0.905629 0.121896 1.121220 4619.955919 
1.320000 0.250000 1.124588 1.069983 0.735720 0.546070 0.029071 0.013817 
0  0.939214 0.125589 1.798784 16211.288845 
1.320000 0.250000 1.100515 1.067153 0.737706 0.544111 0.028910 0.013527 
0  0.933596 0.129632 1.175446 4829.297249 
1.320000 0.250000 1.175058 1.084218 0.770014 0.547774 0.031423 0.014757 
0  0.882202 0.116884 1.115574 3411.852096 
1.320000 0.250000 1.111694 1.068095 0.724801 0.543922 0.028796 0.013996 
0  0.952355 0.137914 2.638373 45265.085706 
1.320000 0.250000 1.167646 1.077509 0.777446 0.546458 0.031833 0.015158 
0  0.938924 0.128445 1.263935 4998.631588 
1.320000 0.250000 1.126861 1.077692 0.744892 0.546317 0.030190 0.013660 
0  0.899959 0.122120 3.899190 85147.716131 
1.320000 0.250000 1.074001 1.074147 0.715854 0.546741 0.028344 0.013573 
0  0.896407 0.128955 0.993878 4332.354840 
1.320000 0.250000 1.090380 1.047323 0.733971 0.540174 0.029567 0.013232 
0  0.911628 0.126762 1.039631 2185.908116 
1.320000 0.250000 1.114349 1.074683 0.725267 0.545834 0.028796 0.013608 
obs_intvl 30   time_err_sd 0.100000 
0  1.71763 0.264792 2.803290 24838.710151 
1.640000 0.200000 1.700681 1.316816 1.262551 0.617843 0.060812 0.044732 
0  1.70528 0.266101 1.955499 5471.120954 
1.640000 0.200000 1.693459 1.330634 1.250226 0.620375 0.062345 0.046691 
0  1.69889 0.244164 3.091871 41665.788737 
1.640000 0.200000 1.685287 1.329833 1.256395 0.619360 0.061154 0.046269 
0  1.66222 0.236427 2.023815 8752.565785 
1.640000 0.200000 1.702131 1.344531 1.242625 0.622093 0.061308 0.046095 
0  1.66783 0.241624 1.607855 2263.741918 
1.640000 0.200000 1.644016 1.334479 1.212774 0.619703 0.058160 0.043238 
0  1.67835 0.239542 2.173428 13048.457632 
1.640000 0.200000 1.671392 1.334722 1.238353 0.619953 0.059447 0.044217 
0  1.72852 0.260846 2.046252 3733.518465 
1.640000 0.200000 1.689391 1.335062 1.253031 0.620090 0.059022 0.048246 
0  1.61757 0.243208 2.005423 7579.039613 
1.640000 0.200000 1.619212 1.340093 1.198392 0.621330 0.057055 0.039978 
0  1.66515 0.248198 1.718280 7293.548557 
1.640000 0.200000 1.670910 1.317680 1.241415 0.617693 0.061019 0.043118 
0  1.71387 0.248879 2.174752 7698.957757 
1.640000 0.200000 1.727952 1.339544 1.254093 0.621154 0.063684 0.048277 
obs_intvl 30   time_err_sd 0.200000 
0  2.46203 0.440907 2.891166 12232.076319 
1.640000 0.150000 2.364389 1.326607 1.893199 0.631873 0.104370 0.096359 
0  2.47399 0.451252 4.048387 26553.735969 
1.640000 0.150000 2.370044 1.342814 1.882826 0.634003 0.104731 0.097677 
0  2.44428 0.425564 3.219821 11883.793769 
1.640000 0.150000 2.371571 1.341507 1.878844 0.633155 0.104551 0.094404 
0  2.42376 0.423439 2.984901 4100.305669 
1.640000 0.150000 2.391306 1.357237 1.878243 0.635645 0.101848 0.095182 
0  2.3706 0.417151 4.078238 34828.466274 
1.640000 0.150000 2.301103 1.340830 1.814974 0.632862 0.096230 0.090441 
0  2.454 0.434825 3.616703 18206.597579 
1.640000 0.150000 2.365020 1.352484 1.883992 0.635063 0.104510 0.096174 
0  2.43247 0.422839 13.928020 398587.246890 
1.640000 0.150000 2.349525 1.336454 1.851872 0.633522 0.099808 0.092781 
0  2.44471 0.428821 3.518854 21848.300202 
1.640000 0.150000 2.422420 1.347846 1.908917 0.634899 0.106211 0.097311 
0  2.42689 0.434003 2.250306 2969.914020 
1.640000 0.150000 2.257534 1.333630 1.809587 0.632673 0.098369 0.094535 
0  2.41443 0.435487 2.932395 17967.462880 
1.640000 0.150000 2.363846 1.342139 1.874000 0.634899 0.103943 0.093277 
obs_intvl 60   time_err_sd 0.000010 
0  0.000187172 0.038140 0.287800 919.271540 
1.640000 0.400000 1.908672 2.395022 0.725122 0.714054 0.000010 0.000010 
0  0.000186367 0.038443 0.299593 2980.851382 
1.640000 0.400000 1.943851 2.378996 0.736508 0.711797 0.000010 0.000010 
0  0.000195671 0.038069 0.274336 2003.170098 
1.640000 0.400000 1.892659 2.386601 0.729675 0.713006 0.000010 0.000010 
0  0.000195509 0.038691 0.238357 515.645148 
1.640000 0.400000 1.873296 2.354827 0.720045 0.709183 0.000010 0.000010 
0  0.000183516 0.038601 0.325007 3709.099070 
1.640000 0.400000 1.864494 2.358584 0.715828 0.709400 0.000010 0.000010 
0  0.000191032 0.038033 0.236114 565.036555 
1.640000 0.400000 1.846572 2.337731 0.714663 0.708551 0.000010 0.000010 
0  0.000186822 0.038186 0.313197 1069.354886 
1.640000 0.400000 1.885249 2.349700 0.722944 0.709787 0.000010 0.000010 
0  0.000186309 0.038118 0.271960 1104.996768 
1.640000 0.400000 1.897218 2.376343 0.734230 0.712227 0.000010 0.000010 
0  0.00018458 0.037956 0.337431 2977.799370 
1.640000 0.400000 1.880419 2.353120 0.723549 0.709997 0.000010 0.000010 
0  0.000186202 0.038132 0.321465 4129.327375 
1.640000 0.400000 1.895028 2.372329 0.723557 0.710921 0.000010 0.000010 
obs_intvl 60   time_err_sd 0.012500 
0  0.233734 0.043928 0.487985 3550.916508 
1.320000 0.250000 1.920908 2.098857 0.759911 0.699510 0.020997 0.008037 
0  0.232499 0.043753 0.383144 2980.851464 
1.320000 0.250000 1.942123 2.081855 0.767565 0.697293 0.021074 0.008908 
0  0.244202 0.044399 0.539077 6626.741639 
1.320000 0.250000 1.920978 2.089612 0.772798 0.698916 0.021627 0.008858 
0  0.244091 0.045373 0.345582 2016.066268 
1.320000 0.250000 1.885620 2.055469 0.762652 0.694407 0.021740 0.008815 
0  0.228876 0.043969 0.400370 3709.097466 
1.320000 0.250000 1.881782 2.059119 0.750471 0.694754 0.020550 0.008388 
0  0.238434 0.045071 0.506443 3657.712455 
1.320000 0.250000 1.861323 2.046261 0.753420 0.694124 0.020854 0.008820 
0  0.233182 0.044001 0.392960 1863.532215 
1.320000 0.250000 1.913287 2.058003 0.776505 0.695405 0.020265 0.008473 
0  0.232664 0.044366 1.058594 30295.179628 
1.320000 0.250000 1.929399 2.074845 0.772651 0.697106 0.021641 0.008589 
0  0.230509 0.044142 0.724952 9730.417693 
1.320000 0.250000 1.890676 2.053988 0.755903 0.694263 0.021273 0.008522 
0  0.232534 0.044208 0.399913 4129.328365 
1.320000 0.250000 1.913265 2.074124 0.761726 0.696608 0.020599 0.008680 
obs_intvl 60   time_err_sd 0.025000 
0  0.465547 0.066043 0.504654 632.068573 
1.320000 0.200000 1.988846 2.140286 0.843440 0.721767 0.033045 0.010976 
0  0.462322 0.066276 0.602782 2980.851464 
1.320000 0.200000 1.990437 2.117738 0.840963 0.719536 0.033830 0.012120 
0  0.485772 0.067542 0.588906 1744.769007 
1.320000 0.200000 1.966843 2.127321 0.846918 0.721326 0.033997 0.012000 
0  0.485932 0.067769 0.637671 2382.018754 
1.320000 0.200000 1.965411 2.092944 0.848030 0.716118 0.034638 0.011870 
0  0.454714 0.063626 0.759434 12710.349330 
1.320000 0.200000 1.949148 2.092961 0.824443 0.716319 0.032367 0.011702 
0  0.474691 0.069724 0.531335 1557.231889 
1.320000 0.200000 1.928130 2.080527 0.838568 0.716447 0.032692 0.012107 
0  0.464358 0.068394 0.775984 5019.233859 
1.320000 0.200000 1.955420 2.093132 0.840464 0.717364 0.031889 0.011657 
0  0.463443 0.067203 0.845287 15119.575914 
1.320000 0.200000 1.977762 2.110330 0.843137 0.719355 0.033734 0.011738 
0  0.459478 0.068535 0.809572 6461.633687 
1.320000 0.200000 1.948132 2.088525 0.825626 0.716397 0.032870 0.011815 
0  0.463399 0.066489 0.648092 4129.328365 
1.320000 0.200000 1.979691 2.114412 0.836580 0.718885 0.033049 0.011894 
obs_intvl 60   time_err_sd 0.050000 
0  0.914301 0.123831 1.040227 3588.857004 
1.320000 0.200000 2.145951 2.129183 1.031433 0.731385 0.043068 0.018486 
0  0.905163 0.126726 1.061108 1736.930351 
1.320000 0.200000 2.123732 2.132260 1.020463 0.731086 0.045259 0.018346 
0  0.950541 0.128797 0.894224 1139.126240 
1.320000 0.200000 2.097338 2.129266 1.042918 0.731959 0.046229 0.018942 
0  0.952838 0.130853 1.226352 6693.766221 
1.320000 0.200000 2.125557 2.095641 1.050834 0.726880 0.046652 0.018760 
0  0.888004 0.117717 1.232020 6427.259644 
1.320000 0.200000 2.081029 2.095391 1.002934 0.727447 0.043532 0.019080 
0  0.932637 0.132974 1.888968 25952.283612 
1.320000 0.200000 2.085625 2.085447 1.041571 0.726749 0.046900 0.019856 
0  0.912733 0.129788 1.060945 3891.848015 
1.320000 0.200000 2.091976 2.097402 1.027255 0.728541 0.044497 0.019382 
0  0.910398 0.127575 1.525222 10690.799732 
1.320000 0.200000 2.117605 2.113128 1.030769 0.730769 0.043996 0.018042 
0  0.904887 0.127887 1.345319 17807.041283 
1.320000 0.200000 2.066756 2.092749 1.008685 0.727921 0.044136 0.017904 
0  0.912437 0.123858 1.261452 8426.363864 
1.320000 0.200000 2.099502 2.111872 1.022865 0.728913 0.043917 0.018435 
obs_intvl 60   time_err_sd 0.100000 
0  1.70657 0.237149 2.225867 12587.155271 
1.640000 0.175000 2.464668 2.473571 1.499609 0.787884 0.070203 0.053054 
0  1.68858 0.248307 2.664834 20662.519596 
1.640000 0.175000 2.459408 2.480652 1.496167 0.788179 0.073647 0.048417 
0  1.76138 0.249349 1.442950 1653.124280 
1.640000 0.175000 2.499374 2.459395 1.547707 0.787687 0.076526 0.053986 
0  1.77493 0.256652 2.085983 12042.953185 
1.640000 0.175000 2.487586 2.439030 1.559767 0.784420 0.075139 0.054720 
0  1.64907 0.231758 1.923321 6450.587405 
1.640000 0.175000 2.420150 2.437236 1.463564 0.784149 0.072696 0.051638 
0  1.74757 0.266004 1.897686 5801.650868 
1.640000 0.175000 2.462988 2.432617 1.556437 0.784376 0.079998 0.057298 
0  1.70871 0.253951 1.672184 3215.145222 
1.640000 0.175000 2.477051 2.445369 1.525475 0.786084 0.073921 0.055373 
0  1.70337 0.250793 2.089047 6503.759803 
1.640000 0.175000 2.467375 2.467638 1.529278 0.788721 0.072500 0.052438 
0  1.70348 0.253920 2.721032 29943.487840 
1.640000 0.175000 2.426045 2.434920 1.501299 0.785351 0.072396 0.049837 
0  1.71613 0.246349 6.508211 144585.533211 
1.640000 0.175000 2.469547 2.461823 1.517227 0.786777 0.071526 0.051552 
obs_intvl 60   time_err_sd 0.200000 
0  2.84937 0.511405 4.068590 12294.100236 
1.640000 0.150000 3.168284 2.467715 2.420790 0.799030 0.166591 0.162255 
0  2.87063 0.517123 4.384074 11263.665548 
1.640000 0.150000 3.172234 2.445496 2.432505 0.798021 0.166308 0.162090 
0  2.82223 0.487539 5.628254 43816.940227 
1.640000 0.150000 3.109488 2.468262 2.384020 0.801234 0.164906 0.162154 
0  2.79743 0.478150 6.819956 110665.089220 
1.640000 0.150000 3.106665 2.421255 2.358119 0.796620 0.159914 0.151714 
0  2.7726 0.473916 3.654205 11425.966199 
1.640000 0.150000 3.111182 2.428085 2.359201 0.796711 0.158054 0.155052 
0  2.78227 0.480948 7.741482 152478.881450 
1.640000 0.150000 3.057502 2.419173 2.320438 0.794608 0.158839 0.156796 
0  2.87787 0.511174 3.978550 21383.799238 
1.640000 0.150000 3.098688 2.440940 2.406689 0.797097 0.161880 0.160798 
0  2.67371 0.465375 4.771067 63024.075818 
1.640000 0.150000 3.048808 2.465284 2.289287 0.799510 0.153677 0.145925 
0  2.78114 0.484452 3.690523 9564.071404 
1.640000 0.150000 3.088031 2.421707 2.348676 0.795787 0.163003 0.155555 
0  2.85768 0.490758 3.804133 16571.162247 
1.640000 0.150000 3.184997 2.434900 2.411829 0.797024 0.164145 0.160792 
